n        Fib(n)
0        0
0        0
1        1
1        1
2        1
2        1
3        2
3        2
4        3
4        3
5        5
5        5
6        8
6        8
7        13
7        13
8        21
8        21
9        34
9        34
10       55
10       55
11       89
11       89
12       144
12       144
13       233
13       233
14       377
14       377
15       610
15       610
16       987
16       987
17       1597
17       1597
18       2584
18       2584
19       4181
19       4181
20       6765
20       6765
25       75025
25       75025
30       832040
30       832040
35       9227465
35       9227465
40       102334155
40       102334155
n        ops-Rec         ops-Loop        Fib(n)
0        0               0               0
1        0               0               1
2        1               1               1
3        2               2               2
4        4               3               3
5        7               4               5
6        12              5               8
7        20              6               13
8        33              7               21
9        54              8               34
10       88              9               55
11       143             10              89
12       232             11              144
13       376             12              233
14       609             13              377
15       986             14              610
16       1596            15              987
17       2583            16              1597
18       4180            17              2584
19       6764            18              4181
20       10945           19              6765
25       121392          24              75025
30       1346268         29              832040
35       14930351        34              9227465
40       165580140       39              102334155