663815
803739
508397
782209
993060
342738
933966
142089
286249
706488
97403
533043
56879
804382
707106
25563
492229
900645
993278
246639
710530
918433
587034
141616
556113
450687
877869
565920
996169
49420
392119
823759
179804
557498
435249
291383
873427
345626
97226
689280
296046
322121
732967
400668
343893
494186
198758
472917
815857
676794
450765
584037
529519
668892
593187
308110
152165
846576
101300
471585
161974
658952
738599
256593
601637
954829
637405
977925
189981
417012
118802
137135
916775
635833
90412
440159
461660
514702
279502
954180
650277
767841
134078
474898
688925
243998
956105
477194
103713
689818
718638
730124
150942
352677
62656
771484
962539
515180
169518
957663
843707
652146
561462
731275
949482
405790
395240
82063
32752
985935
482912
915828
78331
919505
99055
191646
416021
297118
615046
239380
340157
794555
138820
627530
353948
782959
632388
315684
904005
784023
429672
596383
873764
375059
683582
507930
164077
403722
34013
982712
405070
33282
707361
984840
215444
706747
333342
286447
453695
591744
996379
333696
590320
447972
426470
861618
670889
145151
778440
531102
336923
251794
148644
881899
24864
213755
834648
322258
772958
646378
356111
708799
31728
175222
424021
309515
495755
77713
370660
588281
252831
701690
34090
301007
481089
266740
728664
851600
515568
190286
727018
720130
352715
522839
629159
46126
564658
425406
100772
126663
154654
876963
725490
671944
100936
961019
134879
150292
208249
147686
155055
450012
414691
961288
440289
387338
886039
303461
951679
297649
70573
487778
682889
61461
384464
734362
235150
437144
351116
471552
200193
499119
827450
296589
822440
313268
415884
858411
80740
720570
282892
243025
155158
245459
383300
665581
225722
697192
524074
403116
687756
990473
792165
938113
162396
75907
618049
225365
131013
641276
149913
843290
628789
421488
673023
545718
195341
537960
524622
391306
199234
277531
326761
195116
728447
116465
387828
520521
470275
596870
808055
809509
391857
870887
165156
535549
576463
342222
653281
455601
270867
855153
201809
136474
55582
307842
410078
935606
62426
399848
99945
527482
332829
462958
910181
884311
735497
969965
634973
343164
343484
367794
943435
21712
808421
339376
707795
380804
63601
462924
415030
174511
637812
507786
40035
376910
968248
282780
317973
929750
363532
35972
569277
316276
686834
894056
102851
33878
404246
725063
751341
11861
375042
109823
276889
900509
648123
815673
226648
943759
572918
280111
314361
840175
733186
132636
557672
595547
568624
709754
210360
875335
61862
851150
994548
776284
537407
4272
259986
253946
444247
810097
475835
666460
975307
894579
894951
24845
514634
548328
321483
576150
197127
341284
659667
288255
315823
489685
325035
653677
918214
969383
658812
984676
695741
952552
202085
33055
189567
134116
58440
335447
410927
909710
602030
158497
205808
168761
472643
298266
81375
674274
140154
274261
755552
615165
317801
650942
391308
937506
157059
318128
333701
487779
466458
566663
180378
834270
162488
706785
185196
871980
782848
794064
319848
961921
170563
751391
799756
407470
372110
805369
518278
528401
383481
691624
627138
457522
625210
525899
451242
55332
930678
586462
32452
14861
391616
508212
859615
311886
620517
550013
761053
644959
861752
664178
510960
405196
911512
70643
432550
17527
991251
918248
168539
203125
560133
401710
833457
826984
549065
395207
962491
515129
652208
262166
28024
152682
121427
5702
807695
707042
974972
335317
556777
559673
653735
542809
762863
675519
936779
304026
242285
490796
362355
652933
475384
357960
491512
410628
371716
750865
98397
294313
106452
203665
774732
779850
275677
133745
495485
546429
381013
282014
408578
993010
572895
493084
483560
883564
657063
953457
682472
651786
600260
807499
730
275841
158818
279086
66637
919818
797768
40983
985228
730972
768304
594577
765482
280442
67876
849325
979471
140042
19876
924280
267868
998833
378833
433320
928292
540582
192228
161237
101291
26834
131486
89542
3339
160220
642390
188920
247023
338746
59113
259477
535704
854191
776269
370448
923221
936384
679803
127789
388786
799998
300261
81089
693061
11653
570922
70492
353440
562479
648450
209815
104910
4939
985192
503834
397430
892593
729944
805688
321568
547601
577913
934636
851230
873181
390873
294872
445626
526826
264863
262914
862185
274999
235573
944036
497953
761153
480406
637516
699086
236292
701498
495942
256355
24931
355337
415602
739172
629205
532383
152993
411434
409990
583997
26710
219598
726295
44195
334527
746673
262821
194
792211
85408
30443
828401
883625
299793
185537
131449
933
516019
381428
787081
649237
712395
838887
251111
791721
962283
702467
644424
619387
224927
535631
697866
643735
776125
999978
329135
31243
24015
862523
482170
525246
764812
479866
872278
133847
899168
819214
449144
1729
251865
893607
715100
529261
415916
212335
517452
854026
476669
477403
571356
267938
62387
293053
763706
7353
414783
97710
238663
124075
76369
876379
371914
821954
351007
466390
3438
726743
909886
430502
717519
46157
787225
538804
533913
472580
538311
874440
105545
982634
517053
458093
405796
395807
71063
72286
932391
668631
949331
658951
655085
421370
370900
262327
290803
120966
12488
994165
2574
676983
638860
909320
287548
946555
221802
997202
644585
789842
171860
718210
593335
869268
741607
644119
754452
343811
749999
797560
994496
973884
524451
228089
89293
922843
360598
210987
965976
717926
859263
209818
346595
416426
215989
404882
535157
12166
910538
157130
165151
512842
272111
250681
956033
920574
80588
137011
914875
555998
704920
689997
963298
780490
276879
173382
670028
191639
51665
220864
625844
793811
416494
633893
10384
478700
974041
713394
69229
389963
749745
659013
544872
391596
850266
293121
586625
911443
834967
996694
302220
889215
653110
280312
907791
422718
246536
855908
383137
976411
820899
423536
645594
693255
348124
642305
518558
433766
78536
915751
189618
655462
713238
689313
428494
141411
415563
931218
566379
888328
25066
347930
126003
172681
678296
671503
35689
927541
537663
48503
560828
83387
483073
158851
442701
452865
430509
197775
247222
72490
407631
265227
595151
653549
638468
24481
770505
939953
667656
715281
185350
322569
989188
736764
316860
17553
735531
51545
26435
480460
729956
604713
620931
498439
608319
800126
622431
579541
776056
831284
975731
841215
681997
325176
341640
589297
262657
324894
199390
174318
439002
110431
712895
513711
232251
736971
703301
876499
406081
456094
614210
141325
539693
377738
56156
759157
89513
829339
373354
78802
306853
873513
688442
526328
844711
356726
49886
368785
508925
678808
631896
438105
887242
196802
418174
242824
524419
806500
438473
353271
902299
781173
420939
810151
730872
389373
673348
576915
959656
162323
112849
733100
478300
936290
626480
188834
691128
956469
363689
189923
22428
396296
137282
778484
937582
619727
840659
675823
249737
393919
676916
762269
322517
45870
39300
442946
276341
248958
82745
708944
459257
723965
382610
630143
252744
644035
589488
348924
748773
944166
657859
383267
956490
53202
51582
193265
975178
789945
310647
516790
4763
294864
501317
938116
155922
905038
365733
517522
768932
822323
437241
80403
353716
273400
994159
941218
323112
615208
487389
420545
407219
500433
996215
502844
8736
785077
341860
377972
787521
333785
719760
411293
447201
258477
99274
295228
37443
411983
183444
749322
82594
150730
421636
156448
500706
479204
424350
949504
586543
693748
142143
395973
297971
554442
339604
666968
707220
831132
220470
722909
756813
793369
541459
599707
394533
843858
190050
137382
752632
31165
995415
57238
283524
619823
491900
564300
667557
244593
460876
328401
868020
430526
339506
780380
924348
421613
3897
149064
946566
328177
9311
560234
302356
576807
101549
820534
172653
526508
701330
217287
492547
900891
107415
779433
791301
378568
364428
965320
598638
282616
97779
669843
894007
814785
130784
776407
541367
691314
368009
218486
774094
354573
254088
661028
572933
158385
98686
463722
214498
54774
695983
546157
358634
346009
961003
139157
790021
8203
755298
177078
332741
941351
680959
262624
516074
255585
384595
718731
285626
364549
831896
231337
425956
224170
88568
982366
389190
528770
374888
973989
908685
56294
548815
453279
117613
640607
716536
960573
889427
441180
369530
545419
770463
279099
303678
120714
184538
813254
588625
758639
555185
241660
24570
971293
613267
30259
848837
664383
436019
895199
936041
504139
698136
894442
373331
895582
206357
20705
86181
634572
36040
130112
140342
566539
491587
389582
452071
261581
672091
680827
901386
798598
639452
560020
262103
240418
58243
439513
937561
277353
704943
631676
222404
818385
428721
774777
698489
17210
986776
946951
416918
334598
674298
466720
718410
759053
822469
977136
900652
234513
47434
915495
453972
676821
599061
881727
255636
699988
280324
735933
938239
318749
186494
479169
629123
445667
947882
101483
395461
959090
250701
617317
23553
482464
157683
450772
211124
786065
153416
181907
857823
898935
898909
420047
901821
601842
395759
231302
69390
961311
632317
114795
979465
960322
812602
995800
276734
82977
953270
83818
854388
918506
974766
729794
771719
464177
409857
609038
171846
827237
506074
655047
361380
452733
808135
174320
226470
837086
272289
483379
328666
926546
586522
226595
349186
45166
648972
257049
31671
248673
91377
592557
411142
458664
325291
495089
910891
595754
835793
164225
839169
200864
350805
883907
924025
710570
73637
716640
787313
635435
382267
410
677860
379524
270869
970991
358956
334791
337471
805941
776777
185805
306171
266440
24078
68268
913164
899317
157389
339043
482909
453930
626174
235938
674074
767238
428867
632210
684480
875271
623357
423804
670074
520348
488470
826566
255048
540754
458195
6191
788509
853245
931809
15431
437722
868613
200798
971085
298725
216698
27386
767548
452200
599583
859687
394224
295833
440377
274938
100836
543903
749856
4984
237708
731
294354
817099
587311
586642
715708
598451
398919
123421
727670
223946
139941
70845
893080
174903
185519
746647
772253
419921
282242
559372
425389
769538
642326
436898
350452
772692
951373
942950
942866
235707
405831
539785
474483
613468
135524
77262
406678
847651
12149
866852
576059
708298
896372
633724
421140
332754
834179
230823
954499
449898
577393
245974
627279
727820
73761
536336
581571
789522
248806
284104
41044
703926
484601
383191
751385
178422
689929
838677
449436
254366
751756
389139
313585
38415
459735
746549
227841
890231
703453
689242
478142
531102
856381
740530
191852
738144
781026
318849
430019
645260
816498
54921
346851
184688
442755
437198
242000
871935
55020
68951
648643
962064
427378
598692
823945
986789
996331
820148
138417
819489
53072
528880
896776
709203
297522
469673
65319
174898
977671
112154
229455
257688
14518
51660
859908
391445
95915
548224
627249
71124
711886
88571
71798
573366
499493
884380
409557
215370
67073
904619
634741
25714
675687
380574
365577
244764
769882
719278
72451
772504
370367
414365
426104
538047
767953
852917
508447
777808
791151
882750
539735
378250
159030
626581
593181
764311
76485
307911
491754
296067
280804
787965
711762
773884
206435
103912
653996
446249
799106
545595
85526
864680
780977
711379
903956
36544
845233
543259
630751
589311
341560
557192
201433
78733
503189
356719
687801
148609
161714
46215
560980
981261
197620
344725
983960
365526
682510
42113
408458
753030
783230
936378
443268
873692
18629
544259
559959
837859
386451
686854
706604
165164
210828
517790
311389
849151
300156
683542
475336
391896
150590
83831
376985
724307
482190
134607
41783
65473
352737
526910
665054
68398
458506
222024
619797
49614
1782
826611
129215
706651
681680
551108
338732
490011
947806
670491
183416
715257
645597
778567
14085
576000
577640
155284
419022
450047
307074
251120
58096
278622
737136
633431
612239
342567
615221
736702
143575
459588
130299
411975
260173
483072
199298
580294
484249
995692
871079
260828
133784
259979
515875
866399
844908
813191
113582
937469
586038
575317
6047
420209
644627
976693
936496
185087
603527
405685
63518
729487
766349
227079
907517
911202
839830
728267
864306
119187
936107
612997
3535
503806
118921
81435
358867
760865
785174
110443
812388
492040
146876
279452
977415
348888
958410
374984
191947
8447
420182
50837
849216
525490
882095
21134
812315
759838
568921
619889
586648
386695
54535
73423
256934
463783
623106
500933
934789
651146
972706
483691
608364
957782
940462
24797
837339
323869
58231
859134
694526
438129
783920
367060
719629
936996
195968
795640
421190
535508
787115
97601
39530
699493
748488
460936
866485
184355
796163
520987
407010
137912
159724
322087
63213
493006
826008
327212
823153
60197
511075
161873
644750
71677
119600
322344
839388
924592
643243
778580
780320
525300
548213
258588
687744
945658
707093
13724
75407
68236
841161
33318
682878
519452
256796
2260
363107
467920
383203
776582
446686
799886
248570
789788
562188
774447
567920
596643
756262
508303
558264
711293
27640
543142
945342
3062
65986
308295
881089
175959
69507
507142
652101
276865
4535
327809
126776
752576
565761
907021
862409
307324
397581
660547
673433
700076
845025
934487
248114
664885
616974
928723
93383
337733
264910
997193
686148
929772
307177
239180
214279
899554
161746
761677
701622
545793
789743
114912
628755
767389
97497
181472
384857
718894
696616
234022
15912
227302
579641
967422
770644
129974
633028
58150
887914
143722
679785
207219
917996
481508
920782
682382
624973
195916
226810
91209
178685
147500
722701
488708
912003
571304
500320
951491
392842
446297
99025
435020
940237
260158
600173
71339
999899
305802
796523
61714
987072
346213
917885
971979
303160
340616
821131
547904
237429
937712
385684
133758
376279
610625
94865
399297
959916
633434
428986
358724
349918
580592
747814
599745
401061
668222
798091
231662
66888
50258
845977
308516
10920
132543
704868
386609
344024
74497
605741
435312
863307
910619
940215
535879
329108
143055
395770
675063
383960
231659
898070
468638
691096
139403
77089
834532
749907
978714
681766
476044
631935
848230
482146
532756
573315
149695
718498
910000
958270
31122
83634
607367
733105
115087
557690
832542
701292
339935
153849
808806
467620
566879
779042
962899
23032
587423
965370
614478
91613
303251
186042
379244
397378
144621
833846
244869
950852
243555
710715
682186
304082
484536
53659
213662
477611
318096
705400
577016
924057
141674
27253
993878
460339
127276
547331
81754
574232
606927
138913
632079
890777
514613
731802
818012
870259
927347
173771
392657
1811
448167
879706
91725
855335
30366
332810
764251
359345
854910
335216
720752
583435
41953
144673
410313
121469
302573
279400
816415
895240
118272
825032
895855
828202
673493
535545
975972
375023
560356
884312
272418
335101
224994
491977
593080
726791
231332
34548
853283
754006
680841
818155
243266
57959
545733
696160
760960
514213
248288
899814
351443
808838
550414
655417
78992
907344
705257
168949
598502
316212
866625
673383
690086
729205
952173
754421
774004
249297
512750
97124
132634
881915
673001
128952
32021
406354
877262
773944
57618
49571
999993
678310
757130
610235
361409
819455
117966
810752
326704
368447
497620
691159
461176
40237
372358
801129
663777
936387
672924
794980
308044
61892
535541
789464
182063
280630
12311
505236
938086
463255
657166
780287
837573
976871
931880
517271
808924
467551
61183
506520
222821
94797
306867
852688
334078
991286
627828
925340
39068
741755
346318
852438
454249
101638
750237
580558
834019
9070
527143
436809
515052
183143
547698
944793
899483
246790
794595
370606
970743
364449
167607
104727
473543
842646
486187
521804
683461
5923
258123
402720
641758
931003
686105
351941
837526
298892
943576
898061
581937
707583
967121
126553
738321
277299
884654
761153
47007
275746
727055
583917
15277
792549
255397
963884
230510
200109
576812
50391
998516
252342
719032
879503
409265
193277
487024
240623
288664
174257
734677
655244
7717
611477
650324
230929
789370
854876
776956
471010
978511
684872
266302
344094
722069
705232
300535
47380
643824
658334
706145
933905
392510
53359
531638
16227
391973
268464
764016
307678
728587
464720
418547
17224
873852
232633
952198
275066
859005
881306
323135
633532
593710
675824
47025
61433
252305
130176
285463
529927
38807
671072
342640
574075
185790
602230
943458
406675
742486
319259
319610
259556
563868
151981
439718
632419
925184
44067
685430
40461
355367
519125
897470
669355
607916
27854
993937
69836
169320
822680
297712
654004
342761
964251
300688
291591
738791
928473
839565
746825
954892
553238
561303
45155
332232
740766
115881
113982
940663
414509
729833
202674
361937
718789
686119
654531
416301
344880
764165
577001
709105
168980
878540
836305
761722
95542
995499
588803
535045
113689
903732
253788
354013
94926
568945
431024
598063
787153
611516
771257
35103
792966
912235
219020
345550
59498
473248
364471
208156
552553
439625
864621
300817
339573
621558
24181
707223
263935
947985
662418
514190
757381
29555
334759
834671
107869
412118
826549
97916
676889
161527
591217
210941
143299
136352
466269
114397
840012
677168
567891
331146
645332
469415
738576
337284
692538
21370
302089
973044
369301
539640
166191
654972
692773
981593
505964
850937
166705
717524
359155
136022
653711
544873
469911
159996
628788
762677
628338
26035
419477
636469
570758
905566
683549
862185
229134
195515
426850
572200
748033
161980
321971
17426
223625
808261
952635
306498
561597
655398
879233
486365
199497
229796
97668
808204
693911
315222
546704
238364
333987
445395
808240
146147
10234
688605
40486
628533
541138
507210
485710
116529
540014
362589
602300
748656
690662
780052
985098
494145
992774
788407
758481
161725
136660
5346
53439
239488
671757
152473
512879
977105
44514
452790
508672
243743
898623
188598
899440
473377
254210
679261
709856
443724
312471
75957
70242
725876
668381
664477
119477
388772
656474
817346
344781
945954
403348
342977
8652
591650
915400
742256
896279
489017
191453
801923
605988
245471
917316
29287
793
738345
772940
664266
240889
138674
762731
392451
24915
321745
265692
426811
282092
850104
694485
325882
577838
368052
751087
772707
922211
556202
271651
551489
503572
760524
564266
127893
109066
32353
960734
564077
639088
594153
27085
981034
174592
680422
507447
418479
514177
293922
612033
736479
962087
664494
702349
153223
418796
101049
775413
119764
502608
486874
403622
495260
513695
884242
948040
405203
541271
586355
930277
740296
910093
482992
421760
985095
464249
790796
189053
953251
894192
39947
120064
50068
427249
706051
148308
883380
722316
29391
491072
400104
736249
373252
522175
238585
662433
938856
11180
655773
781269
776511
778266
213450
207874
810907
37640
389205
73966
33045
832201
415528
639004
102125
998361
944328
189832
347772
42250
584420
358638
566319
157213
965911
665773
64405
367366
748166
676979
119008
443108
906940
153855
395066
801891
711483
971866
890182
81148
33855
381994
660468
450210
20389
400103
922405
14115
699186
722373
122680
854652
797727
585658
221257
352585
901110
418369
742522
439889
94145
960514
115179
341957
399470
770766
443603
187152
649035
683942
131724
584658
907779
834044
715050
901513
205984
315998
847267
505823
130751
423517
634951
685527
777261
670995
417187
300732
666873
484101
646542
482523
501870
526769
743568
852265
45566
121506
669175
802812
991697
115485
487442
356681
418463
846612
376094
996096
310292
571787
382606
645988
674322
833832
721049
683369
978811
764061
558042
445185
997124
244228
45788
211578
653643
184602
825982
52669
136876
914166
350441
244334
370272
824456
142633
182069
912650
960298
558852
851952
497882
208729
698607
953809
717396
101636
860862
714100
799256
18134
346080
274664
44053
749519
463602
298337
240485
972563
319712
93607
302498
166242
333800
127831
445031
902465
458364
272206
446850
243123
763162
501519
936667
183811
384638
57880
182675
698808
838831
280010
565825
962426
349271
398266
773618
748581
150973
600506
763891
843468
697418
585004
716992
545457
319517
634011
519972
971842
163854
965204
807847
943855
172075
748128
224662
679319
454124
708886
361076
386619
655081
688710
775349
124152
818679
870666
611057
966171
810174
643654
587589
598968
577013
233975
558382
960580
397863
302121
407077
432709
798857
676098
783208
395326
492
272450
66745
662410
599437
42295
994738
431545
686560
472070
583524
900606
755846
767308
336390
631525
568394
352664
239295
74120
601546
732517
716172
402248
835244
73892
540569
960045
406046
97042
681789
167752
93798
988940
201413
694683
696772
91056
610027
71088
98167
55169
544166
681224
230171
9604
229936
256670
201368
33172
962475
571953
569083
895204
749346
33787
110336
587488
341172
250762
473397
647503
104243
472054
776488
652279
577538
991744
561035
548292
100548
229599
503886
675239
598471
219659
946298
440128
467812
664752
607014
603018
518099
548047
812590
46882
94379
532029
200216
721444
830367
20774
126565
174459
963530
813180
950809
713825
781129
732785
950725
779997
560150
484098
877920
550610
314270
255851
61496
147809
767445
268349
529062
73689
236401
545095
829818
660368
523247
678133
116494
388620
494651
252064
571277
902592
755422
893422
445385
428055
712085
620145
822815
87732
365935
280091
715823
299655
375288
388096
253040
43130
283080
597798
530690
281764
318636
377477
163182
244141
851430
198409
691450
580141
399792
689756
785706
634484
79013
765738
613854
209012
510957
688887
837634
221319
511265
397395
445630
609736
320405
195117
35599
683321
751287
79511
218155
870358
388840
565830
529649
480038
895925
855136
614161
659342
555093
589190
462858
200810
407224
237075
183500
236747
735702
366365
113755
141535
188772
665954
88996
156149
532908
608132
328613
347554
886467
64294
714425
520572
295584
21620
200615
610952
683249
787379
716640
905716
527642
712984
202954
160540
107316
521682
353885
313768
788445
781797
232872
32811
623362
931662
172324
771071
479753
532931
273679
362140
26363
105675
382815
432933
163733
981707
631793
78524
907450
101815
509964
308858
306576
578110
955816
751126
711391
144440
145484
971484
592234
325832
494685
565924
155226
272183
887898
862501
200820
721936
301935
675725
27567
488215
800617
58842
696207
192922
343093
410841
638114
713550
970408
612411
417336
952964
713241
88703
436906
94174
998313
826650
517797
460122
421784
410695
572848
462771
505019
83211
48176
896282
451440
684482
411027
5833
982732
82019
725733
346632
48504
360130
278373
436940
575580
608009
285925
604435
451395
618282
957177
226978
620569
187812
560303
776894
514529
998679
696009
692089
31133
249685
675325
117880
934558
307307
757553
990128
855307
649949
16610
763314
35981
290453
772911
326412
590551
679225
853166
294973
323187
813946
421888
919533
87256
911754
766117
308515
255938
535869
208799
528031
122969
511071
276472
411489
955340
311019
353330
588695
979364
855325
316460
327122
797321
815404
65976
267282
603988
595516
438959
29665
100656
129045
727598
972429
188821
509941
909559
87071
366563
265383
742623
133542
247668
768121
75780
636788
776909
885549
85420
293448
524434
467496
657991
670461
908054
685801
809382
816579
314291
556167
856543
553301
867354
196392
38251
763485
29788
504966
419662
953928
309377
980165
209209
732439
93918
342138
66624
610447
38841
469139
587274
718940
492190
913910
910749
608554
157318
927384
320522
293862
565719
484236
776746
97444
960726
278456
555682
651066
877388
36996
556929
619308
44657
785676
383616
325229
233086
893924
853
478192
324548
823536
634238
630682
190079
511562
582884
824014
927747
228512
790373
122041
634529
570503
342252
377504
164497
967561
540124
627411
260193
720213
840093
971857
34866
112593
737242
654931
30350
592720
628046
336881
978661
359189
789061
223465
954958
948437
872901
801414
825354
577854
741506
418200
765104
67409
31849
839805
151050
136079
580719
221944
316750
749265
722871
638219
499533
979502
520830
422897
805833
535156
184772
106572
174412
710441
297402
649680
126722
14955
971419
11858
559408
152086
736089
834414
956089
333007
774698
158656
173814
136624
116022
654602
394212
255708
520724
792600
920143
505594
97478
754629
245735
414194
133841
652595
231019
560728
233341
797638
271938
585419
612930
347550
72325
453587
333902
648569
996524
124905
314579
983422
9640
252252
204512
239150
896970
914453
587617
216343
795010
673360
525647
915606
63468
438075
153571
157617
181068
717772
894883
319890
657483
849458
877560
806364
919544
698136
300338
105187
751975
144213
824158
935594
151192
396650
545098
36503
385291
800208
742771
607498
644169
341288
392167
277096
910784
499261
377041
743720
587893
438776
449467
911547
974169
793473
242819
426416
899413
452602
64416
6241
700666
829483
769242
855861
249323
64337
747626
758050
923944
493927
947429
140390
264254
506556
895246
531982
538914
593384
881347
344466
612963
5623
829474
838601
310381
932082
885366
470636
933072
522645
426785
551978
719614
400661
23032
301176
805462
530857
853391
918967
680838
439255
231604
275192
233380
817728
177478
160580
209696
488189
426865
826968
333262
550066
877737
716246
375709
289567
232763
861331
194334
90408
517734
431739
120763
153030
230391
291829
113995
302972
105639
241545
775650
548971
870845
817493
666029
337449
908849
146460
356709
642481
446503
363962
308673
128926
743045
537197
974579
631315
765235
864764
489571
102214
5201
164778
937112
1152
422090
308520
454647
818862
970078
308504
378464
61434
812993
227870
217932
555143
119746
942268
496408
375069
284965
55877
399360
49289
525653
950011
729887
945270
67425
25719
887591
906259
552776
691086
458852
272818
879077
539425
534868
398316
405388
466317
58398
647031
354934
181457
340949
649704
283968
685542
389253
283712
688003
802904
833153
443699
172790
787407
56634
173372
130154
352073
599529
140310
527714
212205
19498
752993
246724
377266
182211
442930
383724
978529
382240
764618
69364
377517
787957
2196
651728
664536
450847
914064
541678
427066
522927
95352
624165
844587
385553
193006
902181
749366
108723
869400
958940
282055
32021
977755
899095
166387
286720
886303
661227
429078
763080
267970
981540
599010
367726
958542
832664
34039
413062
678618
861618
44292
633988
513295
207477
907554
636749
48446
91953
705373
550598
973520
745057
147750
274980
778250
553197
199816
993310
894227
798530
375615
558944
262220
996044
22165
949808
842228
628847
781196
235178
25654
32274
686482
401454
257620
283922
31436
943325
432299
219373
224669
342552
785319
112355
340421
428659
74628
133240
966345
144149
814891
431268
252824
421424
210313
573536
776051
719417
216988
117787
941328
265013
858184
296180
173581
197641
514656
143700
68805
625021
416954
917550
13207
63836
977796
322818
516033
861192
919997
884895
647591
971042
379067
790584
525743
894312
289443
657514
752144
682313
399510
985444
63751
650056
202894
493208
235648
849441
922171
151523
447993
411842
436025
484559
912883
585438
701997
632132
546209
664706
794361
739551
865071
37815
150312
473637
93082
262235
997503
851072
663902
419682
222123
109233
927598
998599
129093
49830
884928
205708
644559
142126
201420
917694
515794
685203
586107
449966
974709
497692
859048
941444
148568
928574
677274
432697
225161
464112
940548
649287
9528
843657
356331
93022
45496
391031
507639
290873
917657
218369
37920
954639
698043
65768
243909
364014
756662
802763
450374
501528
316158
36612
29944
339904
198258
847564
826728
210700
183322
402723
44160
367657
284143
87827
365559
699025
21333
840189
190101
40176
479973
566266
387447
691160
525866
883748
901006
553405
64589
940763
862835
765618
637699
733731
622412
840970
967804
170613
237070
86006
287872
107727
523573
516269
420007
726009
728401
574458
605067
906536
238487
704011
26887
715329
524729
234304
823487
713906
687305
93268
132542
574723
554866
579000
379517
399619
278902
794046
584259
214562
760118
374349
935451
345426
45398
829410
262256
767257
41937
151049
318558
63388
509401
345213
987648
330997
311451
194599
613777
226135
334763
869437
671939
353919
316641
969586
898321
378591
61622
203185
821303
553261
172944
185394
356460
850679
476519
775366
758951
514010
773076
960368
762785
640556
418361
543089
178851
361595
501836
791447
572215
287885
71022
769805
894095
153142
931696
286322
105035
6706
43359
263225
893186
881824
424937
865126
565253
597409
787418
905051
67524
238847
818127
888708
880545
907355
155626
554545
223387
527592
614711
920509
602080
859677
147733
657967
241670
374452
361508
79071
352499
319784
148297
145925
498674
130890
134882
688227
560334
319106
205492
450644
911220
111250
312373
681972
469143
405608
152013
725218
219384
60858
55581
471084
659650
140603
618870
596844
370108
498939
180058
228496
573162
11408
242841
36088
114994
830876
338021
800461
774554
279345
618375
174219
185547
374357
689640
700551
943095
532658
794718
150617
659156
693926
488699
893499
829396
963842
369056
322319
379088
888481
258406
325939
666776
640931
476433
417705
541782
726242
483133
411061
775304
292283
227255
466377
814716
771724
991862
924212
346814
374375
393136
587246
598145
899244
459133
16484
649177
442159
391879
966872
293967
837500
699258
303309
138093
91489
872376
610081
695023
639742
679596
235102
214708
993172
450202
694883
858089
224078
428659
206976
617314
788162
394680
613742
73866
378436
264840
114560
685435
863421
318214
33210
797225
874718
21538
312962
984561
278005
168652
553968
651001
586684
194463
185896
29825
358870
75479
803294
866627
756080
186904
782004
96900
735961
850607
42008
774859
801560
78737
225420
358391
836100
194545
617901
209910
314922
594960
857585
834015
105197
908742
847701
940244
139190
199530
317363
892839
478340
664869
159596
489329
673078
490292
16479
295865
867270
131830
578343
959625
796366
320766
717312
17242
684781
511283
885004
723087
60714
324593
170076
332379
675587
782449
33330
91465
40450
768406
16423
911255
573167
206990
654834
329683
987868
908912
416488
905185
352137
894744
734580
625577
187551
279970
106421
265351
95673
481087
789707
879278
654272
585438
843432
781357
747508
216716
132749
425513
68985
123583
445374
578096
268059
20622
51746
52108
97451
918817
881905
59214
964182
297046
989211
927984
486021
986559
124254
535449
12112
567185
51957
303912
579109
406994
710627
26128
443114
216447
433834
99314
152900
133509
234277
972098
111360
908022
583393
738402
709791
711594
211276
848381
413593
463552
198527
848917
628144
333985
35021
914825
780075
261692
380092
686765
811830
907829
974496
593042
206382
455327
526573
399819
734141
59655
423334
207903
345553
558244
801799
494185
20572
253935
856697
81883
930141
202022
257746
116193
965013
451007
203016
220525
543681
113934
944474
13410
623887
980150
587621
77318
11128
616644
589201
287947
382761
553587
655281
136259
927773
200465
676574
305344
139956
597207
928703
300382
96185
968974
12151
372321
501700
323766
910005
324543
890703
8765
101123
46663
633341
224375
882207
780735
819007
984105
924327
192533
661167
904037
617758
294208
800309
507297
943556
144481
769341
437020
451145
38699
929683
85513
418216
593446
386514
667850
422605
729024
748077
694890
365351
58024
106618
133702
449973
599330
287528
282662
745076
54271
238385
533971
735702
105290
411116
748115
703438
327355
128120
922803
866077
338511
217193
203142
954744
758298
650264
50372
309666
391448
527404
563183
635391
809122
510267
528681
272030
161093
728054
769329
211213
619661
254316
747661
113726
329731
484323
192374
270401
119332
130437
717367
788638
511045
96887
19589
283999
767134
195507
262033
9658
799837
520466
675007
666032
783167
312716
241781
98763
213661
313818
574001
715283
984953
933995
727757
728501
764643
40737
762928
270752
591824
811945
306483
11932
149773
891559
244624
162837
610682
35816
939195
648050
297943
544724
40538
792254
666389
36034
51962
79717
262016
537924
290279
418736
390093
451843
782352
871138
194218
668356
939352
991550
728740
6566
558445
761913
393109
191627
815881
603840
789091
785030
435953
104693
660443
838837
147083
902855
79486
557683
869247
643478
456177
921359
816285
38069
262667
45934
842059
839577
589920
42871
911263
979243
782928
273246
533646
202270
437102
188148
364677
286449
980874
396519
946203
331206
918141
208159
737396
664091
559066
662283
169291
627556
728898
970999
445486
880951
511849
382245
207074
880960
560687
698180
981638
888300
882621
72714
544144
189306
298133
255819
931834
218096
961851
152434
875713
918356
433156
420255
838009
993303
789099
843363
677950
658267
183362
387618
207513
132360
72344
168919
544254
384023
53120
46890
220137
579844
887883
194240
463237
276821
825610
785991
933496
645338
774098
902972
464193
913441
224120
850404
37540
782552
82356
355122
305853
780618
730875
523893
458981
390714
698334
20518
134183
321473
301682
650830
366422
470283
497054
432393
285028
970999
964664
269673
376955
214989
144891
555627
657367
887672
541375
377109
15022
872253
111856
514188
332971
338189
978565
92416
724310
454006
7425
572286
368240
942373
28892
741555
983475
129945
603195
513798
933999
235285
268843
630540
326465
385251
155649
814456
229041
253561
692166
527605
318220
274806
892313
251372
843190
103014
367075
123698
786545
355934
774589
844404
495675
714526
895520
990854
860924
131712
900534
273893
324580
245274
662807
807943
619066
86852
160883
169327
153174
832297
115838
873364
391952
648229
11580
913432
408878
655465
558256
174182
28176
652036
476110
856246
620676
516855
200783
531260
668358
149646
740910
83691
670722
393587
455025
589913
830405
634174
957141
135186
225950
671132
709029
675606
856409
19792
112095
314823
25458
14136
72868
784242
21960
955821
83533
490640
949439
81787
832541
226558
858648
307632
240220
526532
45460
544761
600470
696174
490551
886386
201949
741309
937846
110765
400869
780807
35475
759649
622325
39460
295974
515724
178270
186200
371739
724903
107605
608127
287241
687637
467490
192291
821272
778002
634864
324846
190493
540125
213311
111147
549823
658580
82760
270563
595704
102721
978169
766203
735048
804470
738211
992475
865668
944914
26119
262328
803260
297134
892223
411213
785505
100988
21360
566266
285628
630172
888187
516906
575747
952687
329615
666959
94605
382902
235901
248661
694800
776739
160626
335302
271360
131075
654618
201976
106545
914259
40061
752860
504998
176737
158377
58632
938876
769078
349108
529068
974361
929275
546930
883591
708948
92018
920035
876449
313168
19684
915514
683421
540915
258151
926008
963389
749296
480068
46773
870799
51945
494065
553433
713996
718976
570436
798097
529603
832291
262179
195115
574561
506680
84793
847672
625139
695193
259129
152511
16179
711489
218577
412503
554026
122405
735264
85357
793037
590719
329467
801716
678274
581114
92271
696951
225910
581583
173594
918399
738085
638044
965981
393382
30400
551678
449188
73274
287908
46519
251361
904963
459441
579075
729686
723479
550278
232272
776747
108179
779610
312783
118337
999743
331977
853772
584338
536411
350761
214394
206340
135227
897039
362860
23976
317721
828537
231653
166539
159328
941132
741474
117260
527983
259263
704776
64700
469709
61858
840234
899011
197643
86775
556261
720426
145852
369490
994687
693124
460379
340700
64994
699707
117403
132681
844968
529840
581955
525732
775429
271169
550599
603680
534686
161470
857538
981418
342615
408028
66054
417586
714795
383592
615776
732008
363857
167795
651187
210159
28242
618771
817893
95874
497796
31761
380567
348745
1164
969814
990112
574054
421676
36284
307472
920815
516436
199603
477659
787432
427601
777926
139922
374671
295315
344533
258655
482103
708536
624451
564486
456850
63006
918590
806152
872439
634860
713735
331129
340737
323890
915091
736619
841396
572229
572603
462399
90946
922225
63135
233138
767590
41551
437638
200208
857980
814081
45770
481606
998678
271836
609982
553522
447709
726307
636937
608215
240564
446717
426163
560207
160193
628298
964194
856499
381980
195411
676989
626338
42394
192348
354278
992224
523949
128912
556523
556242
949287
668377
468511
174397
233684
472192
473186
136555
57918
848798
685103
780694
292441
93185
305012
387577
728941
49320
935362
925566
456863
479349
931084
845206
860145
281461
450870
659317
3337
462581
121187
486731
126533
42556
128622
86435
74912
743256
115707
163769
751456
399031
471192
891453
100292
514192
477815
655617
703351
288744
308932
10618
804448
735300
49943
706320
462606
218153
761253
437666
580371
859722
96620
658711
753086
780105
144007
401961
241504
62218
965668
548723
882852
668024
780007
407297
424377
270597
849801
773253
588602
112280
919722
869635
160990
550967
480663
694844
528369
914516
229160
342061
390457
647592
837329
796484
816997
505724
551992
565244
429454
728124
201300
249797
248946
703836
902931
831676
671000
635007
140033
9903
102933
96630
899414
401975
31104
193820
251020
800231
672963
225715
88595
961530
912801
379356
748465
600569
920259
997387
876709
355777
707124
390199
224581
501633
890647
996131
17809
92372
100521
932601
167538
39423
791904
626561
868934
348566
708271
264417
68098
372674
875614
259559
868716
472036
803417
799909
196961
916647
518062
808418
946478
213472
160746
326165
384861
296582
144689
410755
818833
179199
285360
131947
387439
734053
892651
141972
380840
242104
545352
599726
666926
229546
156005
936070
648719
899167
978133
61700
672664
154503
408055
139563
961188
813857
789932
970564
952502
116151
945390
374300
396424
31696
818006
685826
677088
208361
448148
634969
611700
607247
475088
426442
409106
11848
501029
797056
562720
630837
945601
190545
199468
956974
469600
961052
809684
893271
653181
693074
342507
912448
376410
308680
367114
676824
269026
622050
372202
113189
671461
396929
304479
410810
780613
764308
131450
790654
41551
65678
554638
179980
390304
801455
996442
118894
653032
384678
637143
324055
263388
826835
588155
339624
472508
315696
253428
616663
395071
884280
552991
179598
560009
15576
960917
761964
115959
79438
244609
923557
479165
956022
383078
197242
5563
64451
388972
756037
218917
285865
662466
439754
233351
946764
64630
235323
271301
111613
113772
466102
596883
922851
580294
12815
759819
622049
283915
862424
776567
187635
81712
161112
762948
232669
876212
733680
576546
920386
969885
724068
227309
175732
245653
610307
171278
397880
462658
352123
115020
211722
422309
840537
627308
535591
881712
136175
679785
387972
869920
206653
219790
407711
496990
3282
16225
20266
436667
753456
313275
546766
10586
287481
277005
323175
205188
67245
826297
73619
12138
338986
202268
364917
198846
493571
549296
958639
987740
285069
855925
272524
151302
32049
835407
964809
714416
305887
713320
863097
796402
896532
433634
73569
122192
38550
494810
126927
385424
978887
483961
444160
955775
972699
389781
238262
388715
704699
943917
207268
817896
950890
565641
19510
588741
19149
966125
643722
426336
137044
106317
34649
21592
491366
996377
549066
166661
66270
774788
737632
473964
775532
611761
834741
272711
639321
244182
351563
492656
917015
368362
666702
216862
174974
691976
404433
113608
241814
178089
692215
142099
883614
901819
97188
767514
817606
984136
155643
417928
375307
267523
929917
69044
724657
754625
953981
652163
65628
343741
261937
446703
624897
63955
932940
740611
592550
837869
731561
820349
367435
781393
974341
786694
607651
187701
711326
783426
618788
636428
675617
973037
554939
119376
224461
996916
756111
680434
672202
717049
300560
830131
998383
752061
511710
914158
903577
692539
726683
690416
581000
908868
107121
600581
373767
549379
652842
609874
695591
667453
865028
32664
207060
413271
698005
461742
260063
879231
537312
775527
49743
497626
946663
210188
746353
854993
837496
652583
118617
409602
532220
635128
805763
876908
915895
995163
447090
982317
500954
799039
336000
871468
765720
925156
129620
715290
569845
650310
415716
950419
798440
690207
615291
155121
641539
407667
782320
776702
76674
320994
351304
798445
189735
620187
778839
962435
942894
130113
327162
349206
878283
47444
945626
955974
32229
822124
320338
412261
27253
754320
682677
125079
907636
234253
894191
955363
789285
65001
658350
993214
805730
977319
448931
121540
149474
270703
890267
836022
231560
496388
876404
223916
112092
235646
674172
94989
390589
320705
619468
4990
687415
295819
786533
315353
696191
522422
186770
492417
541946
95058
636674
565260
840918
653657
423672
33311
425301
252975
294204
543229
169835
681427
90130
339115
737064
9264
567537
830928
344195
689963
546303
623055
846859
238920
559276
998314
533749
369961
596661
162216
30952
482898
374254
518158
625951
564286
793391
866274
138644
888746
905994
696989
190359
389662
749869
684910
351743
205740
877390
79485
186501
703891
264989
935941
650397
229062
561372
33350
653496
938117
309118
886195
848571
337535
857357
471698
869698
563669
172471
167165
312437
19463
649241
919987
720666
713026
326682
857472
724978
531097
620738
384515
263716
724425
800348
314171
510074
82265
953831
729541
727357
629637
119338
84924
779348
193690
586124
520025
433878
854464
112629
483077
915069
120533
952878
537046
383373
651462
134482
657675
152374
486694
389499
422922
487495
34446
503700
240439
774110
524387
620275
163049
691196
234283
210782
901737
781556
563549
9141
361518
470758
945530
193741
397589
154329
665583
498238
517511
446385
883428
733359
939726
62732
545985
410068
759534
97639
420794
768678
970743
645846
180385
539014
744494
820003
324338
183497
676370
218636
738525
208006
678676
810846
859938
364656
816900
21348
740713
216121
667626
523080
786407
582894
709795
874495
581279
852892
851992
674788
7271
997055
445517
352692
813571
405111
36343
53097
900111
332432
668591
340646
841012
831906
768003
600588
592974
534023
505964
84549
908761
533871
72922
522513
707412
945485
474656
102195
540496
392037
305629
403116
337651
814559
450765
565069
814871
502454
820287
569316
285448
175761
31833
15704
126145
282179
419885
190061
820151
411107
874619
533588
323554
872440
790599
849607
483498
39664
840312
712901
373924
14759
378358
583027
708686
536697
29196
65355
942079
825828
414629
612215
273238
233203
36827
711435
533554
146893
48476
270670
855214
596609
13724
473302
94170
393461
791908
855347
212268
443417
360629
732655
210978
81077
735547
393852
753116
884572
141350
666832
309121
452981
241663
565261
520924
54343
545236
726417
489128
885408
71583
262843
858149
923491
981288
467653
899195
996318
154531
536979
272378
747508
635972
102929
786958
633338
454908
906541
272678
950707
576739
382630
625307
166702
645058
277027
196006
496952
733285
671623
956768
762954
540544
953728
293193
47791
338604
333675
850981
565217
504971
488205
594049
458793
661838
787062
119806
955793
281379
346360
321108
414862
114972
844671
684594
326881
957243
636390
871550
255305
65397
201870
740147
35193
20115
384884
636836
289445
936385
185417
609901
466255
710928
99373
179573
153547
427484
126707
436863
384164
132003
605588
537154
9855
936894
972618
104838
992589
816786
397723
671701
638505
517824
997260
34465
382799
718350
989981
335837
723110
950890
727890
748610
294492
823684
7680
873821
880781
764564
448279
351631
365213
850816
6207
727584
237383
285717
892816
317057
294141
735780
256092
667183
598800
52280
994631
228212
596018
866485
982491
15222
518980
170065
801012
366303
871018
270488
797362
384750
815561
445761
919399
290524
766318
213725
312606
700189
333845
378151
107241
804687
55172
917224
172451
520814
9906
339575
868998
954920
509248
348821
993387
936301
533609
529669
173552
952971
490027
296934
949891
553911
162332
533418
655337
169634
435037
183396
994265
346798
486157
565538
912444
592837
664704
322405
948840
383006
195326
733244
764999
394924
185602
582607
958837
704671
150732
899411
587077
503658
415887
659350
44169
876960
308235
978173
75460
321480
8681
414131
738463
976277
297575
744986
68495
987553
199215
988285
53575
37281
706669
493186
278341
827121
351483
647922
257899
228224
372083
119080
49897
882723
630207
567176
206727
274159
226430
467593
509679
671773
973885
6757
212961
897546
503515
20500
717929
565069
794714
594878
696447
295774
351975
259291
687246
430726
81150
667558
100216
925155
158215
284681
381010
438092
828910
875348
811916
110893
129413
524801
54887
166171
976179
513502
78708
252579
937375
614116
554692
411071
268808
282638
153917
644742
474028
775078
433895
337027
731293
436903
163713
181973
19324
284563
4047
865522
669305
526681
432105
468168
372339
857115
681414
447035
379553
192884
252528
99418
746352
27032
243088
609948
992771
719840
344310
140071
478684
861321
855874
931149
125600
303823
482289
61502
856065
585557
991218
322854
267153
244254
37874
663126
606342
954679
589463
780191
76036
514589
419820
745176
857267
450745
86719
984058
13620
419958
653012
552784
613184
639690
167619
403807
989329
298548
583516
260896
50377
269108
357257
794273
943739
473788
448212
19550
181855
939094
815564
231684
545258
914359
797253
329047
692378
428178
947435
82978
426178
309059
7663
764551
994483
6377
691862
553065
633877
513550
876333
319644
806297
317402
603366
704564
222944
576034
30712
888373
801929
662053
89013
94537
164025
798870
145459
655316
135209
764818
414280
422766
995150
543172
203355
413194
887560
355732
341074
836097
891351
733429
288740
77575
740786
149508
511164
783373
78315
269152
651762
918184
425556
53971
938318
565510
765888
800615
31729
276361
746364
689844
222432
975220
27191
575684
477826
788196
233748
553897
348914
670938
299139
314795
155494
382870
724548
407502
186627
179463
430131
321097
876748
575736
420987
722622
47649
671857
450713
282792
342712
825666
229349
267266
922153
907132
492976
474712
336655
976209
429046
162435
251672
988250
534479
316151
355806
50069
972847
992607
354039
824970
892481
491996
420242
916456
969052
801769
863278
448084
644254
94181
47105
600829
146393
57050
797733
569548
399270
490494
628457
256562
352447
911965
119714
33071
99030
877777
701035
68077
386333
351320
899932
49665
770326
726541
846201
604952
716484
49797
450025
362705
407719
574029
208350
396563
884270
26260
36435
737026
411002
872765
870079
746767
644253
425797
38927
416581
253442
851608
572383
58171
141856
11549
667036
445206
306576
596360
518163
185519
679235
198346
597709
995002
997342
806934
247333
587714
870115
710182
147441
96892
723329
938145
821797
298029
234395
193560
842169
417856
201927
681124
808588
982014
533292
368744
498221
979403
179156
992408
799437
602648
395798
550944
177584
961784
673954
127726
455072
462261
37246
623461
630795
988501
183712
387521
312509
640753
120759
794838
90707
535625
526830
531227
843627
99654
62359
722031
530443
360470
248081
67348
503308
971534
330528
831640
748793
94141
762556
876350
755421
804325
540988
921236
896352
392492
663984
873426
314929
780052
397499
372804
305667
290028
873196
668127
94401
177539
779440
560341
738691
651286
552518
427931
593222
598586
526960
283636
414808
864204
961882
402751
717758
727181
724487
310268
432721
170046
682420
817426
270786
641255
533364
357849
449479
274378
883343
89222
598440
946521
874403
98550
729931
133649
557867
577384
132987
251928
511135
17922
929877
61903
903975
321754
819684
756261
334536
210075
226210
552146
275807
477501
666016
965412
900011
441218
657321
456911
381433
402984
901591
809865
517418
63603
787050
422539
652821
607786
486969
681916
444912
611905
55469
721724
963759
17947
959718
162165
987392
164067
429774
878834
121516
265429
855962
454807
550335
798640
218565
732552
808040
958841
195716
801257
949784
730654
162804
830374
896446
142458
770283
391638
529294
958046
166720
299469
318601
400567
219990
543667
884597
500674
281955
588464
909572
314167
140563
168462
246778
563964
808222
724669
904722
227057
706391
792811
824742
209197
623761
981264
15243
528339
548992
657426
657747
362490
108877
99009
257892
908378
878941
660723
778797
244484
275833
456970
964721
295236
89553
167646
739659
552790
968387
836828
648591
428619
330593
953077
798300
979195
244249
675275
650223
278376
790301
799363
319522
893699
303747
949047
742607
764559
674013
517480
189568
277373
577970
87113
118506
486099
117658
411382
295489
236101
839686
554556
436881
415117
524403
455051
370053
677218
450298
2681
853977
763900
62753
701790
752971
981087
106135
129874
214883
481583
314348
695282
869228
749636
697352
647746
831333
87553
309785
901956
475293
963898
142720
997097
521523
798628
440699
434179
974001
132573
313587
708227
837743
157013
986422
583815
348871
263650
410297
550125
657588
616100
243482
935681
518663
741125
404337
863068
564543
791102
496226
80426
162930
438832
409509
719168
693712
331596
316848
196367
319369
653436
95391
805383
968481
622970
933113
19820
303743
688600
506382
173539
903885
773822
652040
973440
753146
172376
899602
251886
402480
596345
577845
472124
843412
439836
464941
762720
218478
536722
112406
675990
981433
562990
40523
440603
15940
762560
976551
209968
523172
860000
186875
695716
196812
864404
740431
619544
318157
965746
233083
616866
924566
878359
101279
582172
131229
795758
158213
958691
19254
586837
396811
143896
242333
985549
421281
7584
649730
304491
92582
500714
775129
637392
103047
470876
998844
606329
231547
94210
555202
456545
972926
783798
327367
705078
84131
40983
548661
608993
344279
478769
112452
434794
487079
165418
181897
882700
831394
511521
186392
47772
609365
155309
93289
984433
371399
688613
51469
281788
133450
609888
117638
54168
124428
590851
796665
404683
90166
999774
554109
729120
115296
637149
292028
193343
835498
808379
18462
339430
729965
183369
586467
54097
907569
374309
430352
67530
430102
800659
684756
741564
752079
204276
936485
153226
298987
127827
129528
382975
554504
776069
820405
476529
282065
942286
64055
765020
667325
101103
699692
100259
235419
344097
701568
90226
370567
566086
561366
604467
145451
197636
376923
659914
953934
823323
436257
294684
133042
225425
606382
190767
358821
749210
763138
616058
105483
398659
831292
722027
868481
740417
743400
355377
169449
518947
771449
320366
584632
867329
237043
463042
168305
135817
563913
39455
678778
654240
772
576989
957022
194497
113077
841261
656536
505865
318975
580624
277982
58525
327756
436115
123245
49666
328368
776773
350955
801693
171076
248561
789133
913559
587082
509699
540531
913882
698958
966042
702331
708505
688979
317204
714289
815303
512963
377433
948015
235533
973978
944856
154978
823678
303289
458465
301951
186714
635167
804368
139997
468897
407699
911066
576728
859633
773489
708161
551454
299679
562155
613657
648964
654873
200777
962142
130085
576771
268956
689417
405760
376055
41926
148728
236315
497206
458133
149576
98681
601957
436977
182149
231736
844167
367917
318737
843563
650251
893895
468062
844299
206978
820032
499283
254397
902382
92832
249498
130477
165756
315608
581883
449606
509120
192635
471192
897710
85251
627495
559141
918964
746329
940407
744303
700382
412418
814756
149408
989462
540469
134882
243579
772637
622230
835121
987796
878390
933362
244402
618983
511303
206294
181183
91427
571919
505773
230278
253811
372201
348765
216124
555937
17469
29310
876318
451346
293135
184124
134733
690278
368130
866199
175296
382069
6832
781327
725525
46843
267443
886444
573155
873453
857113
248864
359721
53948
412788
921923
121707
374390
981587
605267
882873
207702
885698
26931
840640
676261
974135
309582
334927
30293
987340
64723
839573
222696
390483
596355
674494
251724
567486
389565
988
90048
710122
9644
933110
922032
85221
643852
274773
970613
617879
780603
475277
411020
889686
939787
885193
740625
718405
943166
290055
502526
459133
945198
1057
445068
46872
332359
489989
40277
586582
642978
669851
781319
989148
859767
443158
832337
750342
783720
66641
413669
474742
710702
214119
771204
157694
301041
358511
700746
555796
357585
239534
376565
200014
209166
735320
667867
735409
534094
414256
217762
307615
752259
407564
306363
658561
564584
13662
922974
442583
825075
622120
531894
28940
693335
128001
732179
717903
934433
996656
383796
864934
308142
534558
800891
881144
221058
723483
297486
458075
202786
183398
711740
650987
311312
443638
531958
647229
272916
722479
900891
144883
18361
841975
84393
271786
289874
737914
956363
886113
162289
264042
673940
917162
646991
635164
995262
128537
28707
905535
626658
315871
222888
336938
576958
487317
235385
375096
743691
17459
756313
223596
859252
113883
26425
681250
484684
190579
377045
991812
954555
903434
263524
944257
48473
670491
187396
357306
693097
473258
633852
383658
183087
615261
38842
777399
250232
900133
844069
382293
807097
383948
898316
619199
344828
455116
820024
677590
774321
500057
448691
449177
965809
823985
181657
980880
363949
813539
817987
369922
833860
551611
512644
575540
328089
224616
581832
579866
55330
698566
194309
694738
578786
582724
433711
581747
675369
948211
823334
729561
846534
623839
167528
715590
87325
652585
482815
568301
892318
59480
867019
942005
505438
555344
386162
617701
105214
180664
446544
51562
957854
180049
663413
306911
567578
590094
937787
726037
506996
122080
309459
124966
919857
925871
166902
127307
654329
732455
563738
492546
607057
689990
716631
939677
136530
931836
240911
18811
338890
544930
317923
41414
570122
143012
782059
944084
845637
691588
65594
231278
651580
580120
45935
819170
261763
191869
102547
685822
869952
382905
109793
722091
719299
349190
667100
73253
939023
334297
599335
563011
983044
510184
647933
499628
406053
149574
317303
278145
209605
900903
41203
713162
144125
575401
190242
963422
162298
360769
954345
242441
685122
787037
802977
248688
463973
87590
51104
394317
600383
821962
40327
463233
719747
756888
582313
287254
386049
38239
605586
393413
591727
628851
396961
345931
560148
835871
435309
683166
157712
506168
578080
932854
928435
129435
279927
178181
135930
656039
597974
42788
226029
310284
969730
764519
807837
59636
137332
235761
591877
686597
135742
502464
720996
602303
962750
234450
583070
639542
405023
106374
504091
67771
507199
861701
686048
983863
339927
71329
376083
49667
47957
243993
531722
271135
640852
997345
181555
143605
626553
456605
271551
24009
382008
911945
34274
33135
105246
36276
821588
139691
299737
641855
900991
332837
4569
37145
931556
950959
402916
534625
707531
301832
16471
555738
285948
682996
424967
80938
799183
790997
337586
900798
94218
294314
887027
238399
837433
37172
217174
833729
877068
940052
791778
507582
465072
167623
364234
555442
405877
545931
217495
61117
321699
528062
108363
365375
2294
231154
331830
476596
241666
197486
458850
168482
655038
568515
594861
874085
716485
303134
456567
255963
660920
920014
170952
509011
953729
998831
463173
35511
747135
336254
818939
121228
114469
220005
282169
636874
881841
757899
780178
591012
561257
578661
256324
568497
230069
507479
433995
702795
198713
11581
736026
851033
961986
309815
740056
67401
238727
45049
563059
303505
870541
329360
737197
503577
972310
789372
464368
907896
5536
962715
618244
429590
380139
26475
500313
427950
781148
374630
150349
65677
663807
3860
961975
707970
263919
15738
460384
498131
29828
798203
362016
327380
598277
610339
454908
905797
308415
361880
413643
536858
776585
352481
394259
499768
239065
615686
142199
651789
210772
298646
390281
977058
504995
201047
523920
328846
812569
195305
847233
539027
848434
754998
296375
401467
539380
229633
115403
775358
848830
821202
835137
200008
612827
441663
876964
964337
195990
760306
241203
532370
866987
786156
33597
590256
540176
272897
33706
750852
933363
82472
115413
128678
251208
398363
92436
581039
219623
340727
480715
400386
668591
102909
744713
638493
889124
202507
826117
44764
674699
820043
141143
809029
298264
484429
776560
913409
673052
556785
314777
918359
598691
62828
574756
434755
303717
428898
568221
366886
461398
587852
139588
250485
477851
738417
83209
655428
129739
765241
12998
674506
563444
956751
897186
977650
258387
194076
964896
775290
804265
226652
641431
304995
245286
998786
275620
132336
304058
246320
685237
639884
13600
743673
965483
567553
158019
648930
580697
362971
450719
368263
490921
402338
563578
240870
952615
850240
961333
131744
676802
41130
992522
711953
228079
785714
841607
804780
904401
932221
756495
680904
850229
845560
431508
596988
824585
206608
547889
189389
870743
679389
252283
558342
115738
545670
788183
7875
65578
364496
586154
442806
55955
78438
865737
366600
968503
758863
205225
272462
929036
359256
595089
974935
466940
428671
206669
90424
533815
726604
479774
442413
854660
76128
161198
640810
316352
593864
610707
464718
485853
643373
31863
964063
894520
472819
282156
387907
425114
518257
570200
145892
994515
780655
657332
14147
737869
517768
146782
708128
68832
731254
65638
762248
315770
574889
223167
379758
115218
861561
763596
546278
381600
304660
922314
236436
466154
993797
241494
985538
68210
875247
404472
446742
568389
684312
407781
809172
716029
859769
5578
113469
22046
459847
233230
568710
783661
994690
345206
948233
398855
391994
686924
21802
516122
20547
861087
767664
609021
810634
46068
800448
765233
30790
477234
49482
836273
207132
911688
226985
606703
4526
362705
36728
310623
628073
512218
391133
648443
448944
988035
128430
438354
110316
127029
851353
174624
327194
936369
544993
58791
958151
711927
573832
520025
697519
176324
506581
847360
913344
58635
972348
319205
739402
753610
412793
134493
518840
70316
162310
525009
92524
108453
761891
659885
226913
985147
792253
340966
684305
475838
797879
31654
52547
629987
66071
462091
471816
75600
123702
909923
822824
36166
819255
268633
773834
49422
768860
184358
323094
999424
762441
867287
118836
351727
449698
665204
890730
416038
255532
124426
784695
51543
10679
57329
257222
477164
225672
85854
455878
752331
284896
236827
689413
53421
92380
427632
673907
86834
862121
99701
730641
851757
813081
832506
6888
493969
502668
502161
92588
176628
412367
436455
113863
734793
185347
62065
498594
377505
608220
739908
129792
854571
27795
841036
529242
314766
398518
628150
46926
547988
567465
176793
770967
425979
721079
395447
18361
134524
141549
185210
818504
224635
550534
917435
759559
601033
354129
701654
931921
313323
45317
366286
473602
418549
868812
681120
399047
243428
608037
113193
975981
90355
15170
326699
904059
803335
972528
712704
944681
638349
947219
465913
453016
567203
680852
113439
471357
484732
342259
944438
657123
786329
563533
489709
339380
436048
878336
56761
424495
955130
86316
338586
704522
726620
978601
283290
361222
633783
676709
736941
104084
328399
560872
853452
432497
359538
393622
902983
970227
984260
780656
904317
684597
728762
553347
456847
73297
671787
5920
254266
78497
981719
175193
24732
570928
454563
511902
61245
735904
672128
360037
81149
588693
928005
634225
885134
148480
253537
965082
173793
508099
716779
368615
923756
151044
664527
188094
925579
387694
730810
655488
442070
709535
244800
924413
458366
193077
136944
837694
664066
824512
564158
10005
132907
761584
253265
29703
646898
100974
996424
713845
749554
677440
823117
386506
906791
785284
120325
92912
604246
483150
375860
510520
816245
319979
279372
73071
44313
902916
631384
484770
42079
717235
882770
369129
418635
3857
155417
270641
543827
301789
279380
607347
566673
470821
722658
458467
902041
624081
286784
263683
240912
420554
94769
609252
996010
594408
707459
281055
107251
431031
170248
675788
300446
138865
414107
478895
217857
711707
713229
241477
320653
927854
836178
118292
101035
590486
118220
565103
935713
977959
929597
235984
862624
743174
917836
669872
669235
177931
961739
610496
943462
841219
990530
964970
157171
39613
693692
473705
427453
543495
675379
137946
332262
224538
791815
331099
44761
7926
250941
306175
94611
647023
550648
504026
264663
348730
485213
665713
487952
204506
259185
257211
122594
715057
213730
125795
651110
435935
792557
624820
675922
916815
152839
667278
64208
658968
261143
298343
232966
773448
405160
413301
859143
386782
799150
189605
749808
611461
364287
650450
213862
75261
824690
532148
39420
586474
975747
288692
99974
501349
353379
634304
687638
755570
561256
498391
903216
323353
197505
647206
820517
75743
663300
512651
686327
623968
132778
961043
117592
754198
617061
833294
113843
486813
364703
92831
715591
626316
806749
328742
308342
907254
876611
178975
897107
487037
813336
962089
157692
588300
491367
435917
708790
551459
910750
137637
842805
422355
728797
202138
903559
470433
617540
904188
605456
709592
790865
424807
851396
576925
261068
503367
25668
413753
256617
704345
313225
288938
761228
1254
328231
6140
318948
260200
222428
844770
90750
991614
487844
698581
645201
431103
868523
796388
119111
609003
152454
116158
193633
573089
127524
936701
797074
340028
654286
710475
567800
468567
633537
586515
888902
371043
628122
464242
740858
609721
36102
416948
709275
460574
6346
687966
231839
969518
737823
233089
571928
574733
410292
959521
65924
123604
756813
394678
907062
773919
207419
507389
100742
836381
608493
799594
254540
89084
753860
588339
550724
474529
351262
605930
589910
375839
591859
660336
791554
861269
190585
118432
690292
384687
621630
401465
776739
434636
286017
515091
497135
535665
517188
875631
648330
823058
655708
339660
682910
135671
905651
395842
373829
201504
322901
935892
878744
26759
79579
885841
491313
41498
98977
249258
270036
903691
261847
790862
294799
118274
647559
671948
517083
789015
692619
838318
41892
888348
724219
856926
207756
403956
57921
199169
15743
600803
736311
676817
299244
423405
29362
850773
523340
755548
17468
753417
255909
853277
934543
192000
162179
771853
461287
233600
840272
18537
827652
211376
937332
980421
408740
737400
764176
900152
479821
759056
60954
302303
933839
654065
657141
809266
58734
723393
516249
227906
922085
211846
58955
636882
517049
162898
717939
959403
586237
997310
393521
167315
959145
694353
851258
829817
313925
849961
131008
193719
505739
687883
721502
362049
991647
307947
595314
423945
425890
69745
196176
581147
199671
30633
123899
415041
555936
783627
571758
443094
922387
873826
536987
24643
274888
211244
447117
493387
668622
543425
123208
117565
555808
102995
935611
118695
146469
3289
598671
515852
862712
819477
297913
4886
887144
63090
746529
430585
912523
934632
327566
664680
462416
821949
694051
863721
571604
501308
71328
148241
190132
893619
34241
718243
406407
530016
716326
299956
472369
589009
249032
604900
657770
481665
726041
174715
160752
481823
141078
583834
658381
825051
557176
476944
593463
33104
231193
329351
962961
959891
539418
135692
198466
200446
328456
456139
710678
56178
750139
379047
807498
207682
730012
995202
989332
610631
966061
921156
75335
900803
757607
257792
220845
771035
23919
125145
648882
365910
587883
575628
837581
729246
172146
255205
980606
734960
583472
655675
769026
733633
245626
181130
930854
355114
581906
537764
508373
521762
745529
148599
553578
747435
849390
393346
778521
224072
156276
478463
710001
30751
656461
653644
67043
39350
81647
308335
404756
736436
682561
205500
549633
232781
32080
739764
989037
189910
706567
643182
171580
257334
945188
4254
625274
884629
290294
814456
906792
49300
771510
511441
657882
524347
412016
149174
463895
798731
707555
892680
784609
659437
257031
508685
958961
745582
908144
403341
173008
93046
622293
544337
324364
802327
760098
297091
916575
482870
642161
803356
473326
53835
49298
35437
475076
814321
792275
70377
489661
435280
603141
445821
993596
670887
378607
682923
362263
138885
240439
191542
644848
477438
968710
809089
33863
550252
110776
166789
389259
142288
472196
925742
783588
765086
755368
680062
797382
773774
827481
985489
212846
987079
471448
539269
829151
397141
501816
10717
354089
357742
812204
401773
714513
847511
261649
102974
671953
18965
304319
2679
329978
264731
920344
105976
976340
459078
715127
124631
715606
865852
20278
410519
516949
443214
451415
422412
626963
921055
656368
639583
778795
78730
921923
465616
266596
108775
898039
201899
748254
816490
945547
612690
589524
675831
516677
952275
669158
438773
537295
579605
827313
78317
975596
446946
558464
334604
654021
816457
125238
29056
889541
532239
1049
613274
731963
55274
437080
127388
410778
254836
993141
856841
98127
642296
72082
497078
248773
331909
853932
562386
587541
518037
538595
108117
280526
669409
474895
574812
948409
958380
578955
708213
958562
666804
426341
60962
867201
440012
540100
539731
973625
296519
690746
825839
695712
243458
474487
267887
879103
196393
42378
21710
212111
657018
615820
795959
634214
263410
342760
550872
998022
894866
124123
893307
272990
486992
271492
712871
263662
92607
244697
811977
156080
10137
261973
896936
203071
993572
275488
317671
512410
656689
661545
370434
211465
189123
987393
810875
227734
413003
385596
464108
546738
26256
392041
463901
87099
602308
585155
704882
267147
545792
1581
549661
928264
740034
97499
697030
527221
64414
975000
387912
413095
308394
699322
802465
563907
263852
795514
584794
373975
938491
431975
920950
954999
900496
373554
491411
942261
738242
518332
921007
981872
498701
719881
57250
915806
754399
640788
522292
178563
641083
583361
504227
72597
806941
599947
680245
399219
719084
697936
497116
387526
184123
623503
773762
985945
257078
533313
736174
359329
936466
844874
146700
869093
173312
693912
147717
904722
757963
721093
803981
682012
590949
360597
98443
526778
692789
409514
313075
222294
62511
419721
309277
714554
155788
372833
211655
841550
320986
174028
394524
781019
5028
731994
472188
595748
920897
779926
202105
596303
654697
136469
824267
238130
382598
805671
380664
923306
466624
171480
985434
386767
703093
555001
849320
312691
908711
571672
101310
448750
346642
50733
95854
764294
218549
760773
945782
133080
78464
822871
479101
611991
560502
486776
682048
634261
254777
895748
961344
339034
914549
572177
235298
818651
432498
618733
946470
280912
185146
48788
577803
995578
411854
235037
149694
422747
268415
196666
477203
105277
75203
333153
674608
748267
65911
256691
508778
405662
635337
575449
723354
847387
683284
836314
382462
989968
156549
348457
615699
739424
302076
278018
885415
717297
461754
229386
42777
118980
462975
510015
990900
388103
788931
413388
731310
481533
748779
148713
934276
246635
810181
496108
944058
835745
105357
872487
306859
142380
876670
256056
492298
959544
288902
336275
468462
932533
602752
331319
186111
406994
177738
146549
829372
957530
152540
935163
898249
722993
936979
666174
802557
671663
842210
5034
667375
572821
274303
668689
476882
760826
921329
429512
516449
743583
275144
111558
312111
329408
646476
247728
912048
224564
555564
547900
406484
988369
10436
965794
40389
823537
721100
946240
137646
926538
740265
384765
325857
26051
369857
937815
227703
297152
427487
584663
867794
54732
128133
760959
533200
501670
903718
959111
721355
335627
456861
422105
110795
202908
224993
445083
198191
828623
217141
842929
359400
149500
878076
342326
612755
928968
233151
13172
289593
143742
72038
366964
150004
896938
340709
418669
221061
734830
228380
833836
780286
22664
659782
264116
458870
469539
32991
112076
397181
983162
79205
260110
749328
782364
663205
748489
604091
98594
191906
993986
566244
857156
53259
903242
825352
444794
168912
153988
528337
42292
311420
992394
667648
29080
310418
126308
498606
651396
652064
681819
707519
486397
262194
734514
166414
231655
455990
627031
130728
2816
135632
140906
163087
631759
322254
603453
899280
423417
19683
179331
11804
451488
224796
921659
371877
751590
622994
638987
462550
704983
137147
272120
553575
496791
34509
268744
12931
779744
738496
393989
400439
577773
840820
521521
665616
23355
64400
212445
854974
738333
88554
308239
223191
540006
215412
339147
538103
682601
830067
280896
671220
28812
486918
80304
273491
386904
240740
414279
450270
745974
533452
346918
869981
295235
546139
905857
667702
922818
430787
111709
837929
355360
247346
663382
550002
221731
749062
307269
965223
102595
382717
899724
686425
62029
245
309969
928758
248281
814362
604483
864751
897799
73205
404152
367159
479989
777629
911893
549922
779729
519674
871141
90524
430488
181865
634571
306332
782969
804379
597594
352972
22509
400743
482616
714584
133055
882633
347749
363785
646331
540434
737615
583452
111914
718658
94061
462904
877221
423899
401065
507869
76003
607922
50799
636588
689766
779595
86764
73693
168586
416774
305106
298992
376123
372863
176677
260049
558211
102666
190066
515466
625212
68291
9834
840022
285389
128220
794305
93337
469898
61322
123775
830483
49528
632448
252662
215974
59183
767395
818073
291830
518139
472390
712459
545902
462437
106903
559481
28425
990358
498455
119893
972754
962712
174240
998209
990507
496800
676750
221096
431843
546152
529228
614897
428363
667793
921669
422386
469129
544548
599194
267776
99543
952006
752038
404236
478369
638060
929996
159580
79888
17522
134081
633507
786230
675135
274256
993725
979166
417363
124500
168454
11138
16661
755101
339288
612092
851523
176942
401059
371659
361378
593687
474317
425506
607525
225149
631209
870178
259587
138777
227013
232505
11535
906042
617253
527672
772181
186675
584292
54294
972067
536064
497467
95344
982035
829775
87293
120554
948312
704018
726968
918907
314777
322027
283323
329090
925121
593715
924594
881303
875984
699577
753808
715559
226662
399699
774293
599629
261828
144893
487752
734043
250807
449322
375543
302055
550194
332629
620254
399258
456256
894478
687346
60519
429319
245525
805604
591181
184440
86240
960310
304977
670975
198620
744498
72865
148234
995717
301373
794987
405219
60060
634887
22237
669516
294384
765677
474409
903755
906780
566018
128656
997582
957185
620137
885015
828934
603342
125167
555000
290484
501678
673237
64762
155416
42216
736621
316091
91287
226518
815575
106540
221539
33773
502428
874201
381297
62538
165698
803160
617415
84280
564444
2462
542286
899727
465751
54359
866787
550187
257217
216926
