999919
999810
999808
999806
999791
999745
999658
999656
999489
999412
999321
999273
998926
998879
998809
998776
998720
998647
998640
998347
998278
998155
997947
997816
997737
997705
997654
997617
997583
997359
997353
997337
997219
997105
997051
996952
996803
996739
996732
996667
996607
996444
996369
996362
996166
996089
996063
995766
995741
995656
995613
995605
995583
995460
995454
995428
995425
995408
995140
995103
994865
994684
994655
994469
994459
994412
994375
994371
994272
994211
994138
994051
993869
993851
993837
993632
993585
993460
993448
993426
993400
993318
993265
993146
993023
992706
992562
992412
992297
991728
991537
991043
990970
990719
990268
990218
989989
989600
989598
989457
989297
989294
988996
988808
988682
988508
988466
988408
988361
988308
988272
988251
988232
988198
988177
988078
987977
987974
987954
987938
987759
987731
987662
987659
987496
987234
987180
987096
987013
986955
986805
986771
986359
986315
986165
986160
986127
986056
985856
985779
985744
985717
985605
985333
985254
985158
984955
984504
984493
984415
984409
984258
984227
984110
984102
984023
983950
983918
983910
983848
983564
983476
983272
983147
983130
983125
983078
982746
982664
982548
982506
982377
982023
981996
981537
981354
981321
981313
981114
981103
981094
980999
980951
980931
980928
980549
980469
980456
979945
979827
979643
979462
979376
979328
979083
979083
979080
979027
978977
978925
978860
978641
978582
978575
978317
978193
978056
977609
977450
977315
977029
976999
976975
976910
976696
976589
976564
976563
976555
976503
976159
976130
976129
975701
975579
975565
975430
975429
975365
975359
975284
975188
975126
974971
974959
974946
974858
974833
974646
974523
974256
974174
974144
973741
973692
973471
973382
973302
973190
973146
973076
972962
972961
972951
972939
972704
972663
972635
972617
972560
972496
972467
972409
972379
972213
972129
972067
971783
971743
971739
971662
971657
971626
971513
971509
971497
971399
971370
971370
971285
971180
971153
971137
971076
970836
970722
970711
970654
970608
970475
970415
970273
970266
970201
970162
970097
970033
970029
969883
969841
969682
969598
969436
969330
969256
969204
969183
969176
969120
969068
969063
968987
968931
968878
968786
968714
968449
968445
968308
968179
968095
968081
967892
967832
967790
967626
967599
967313
967286
967204
967099
967026
966605
966583
966474
966393
966333
966278
966244
966183
966126
966097
966045
965909
965859
965771
965511
965401
965257
965137
965123
965036
964971
964822
964657
964513
964420
964335
964075
964045
963996
963984
963920
963707
963684
963430
963390
963143
962996
962927
962888
962875
962844
962837
962832
962662
962152
962072
961940
961704
961681
961644
961607
961606
961589
961445
961301
961001
960902
960818
960777
960759
960538
960536
960445
960321
960282
960258
960077
960034
960032
959986
959918
959627
959575
959344
959164
958992
958852
958765
958638
958569
958466
958077
957949
957942
957922
957880
957856
957672
957597
957594
957594
957491
957229
957148
957065
957021
956966
956901
956792
956777
956744
956580
956537
956302
956264
955998
955874
955865
955832
955821
955791
955703
955694
955500
955408
955334
955311
955159
955131
954769
954535
954448
954199
954099
954084
953976
953807
953611
953607
953391
953291
953074
952990
952494
952457
952433
952225
952086
952015
951815
951808
951804
951628
951600
951580
951388
951373
951352
951299
951274
951270
951257
951021
950951
950925
950805
950660
950577
950358
950197
949839
949312
949207
949165
949109
949065
949028
948861
948838
948667
948462
948389
948387
948151
948012
947955
947898
947766
947744
947632
947485
947462
947424
947097
946992
946600
946355
946244
946200
946062
946041
945979
945929
945699
945518
945501
945446
945383
945371
945183
945064
944294
944199
944160
944148
944077
944048
944034
944006
943953
943352
943256
943145
943130
943120
943026
942810
942733
942709
942702
942632
942562
942519
942433
942394
942285
942214
942113
942087
942030
942028
941986
941971
941916
941786
941639
941564
941546
941375
941238
941213
941182
940770
940475
940415
940354
940207
940181
940052
940014
939975
939918
939687
939670
939587
939572
939566
939475
939469
939430
939238
939041
938877
938673
938644
938469
938299
938138
938131
938113
938007
937655
937447
937346
937236
937103
936888
936573
936486
936431
936388
936289
936132
936092
936026
935987
935840
935736
935619
935570
935520
935314
935274
935174
935040
934842
934711
934542
934493
934478
934362
934337
934325
934303
934258
934071
933781
933747
933396
933299
933231
933187
933157
933109
932973
932952
932907
932906
932885
932848
932786
932720
932582
932428
932366
932366
932142
931925
931920
931871
931813
931738
931716
931698
931657
931629
931277
931108
930702
930177
930176
929869
929693
929678
929674
929658
929545
929518
929517
929393
929330
929317
929014
928996
928978
928943
928919
928875
928649
928640
928519
928517
928502
928348
928036
927550
927454
927364
927279
927267
927214
927143
926721
926660
926582
926511
926467
926366
926268
925968
925789
925654
925647
925588
925497
925481
925344
925334
925329
925321
925319
925134
925088
924915
924832
924827
924625
924437
924230
924019
923800
923771
923667
923485
923482
923410
923400
923113
922898
922888
922864
922770
922475
922273
922201
922012
921995
921957
921956
921848
921818
921806
921801
921786
921738
921582
921558
921429
921400
921344
921319
920960
920934
920831
920655
920562
920506
920202
920093
920044
920043
919988
919618
919608
919573
919540
919516
919218
919121
919097
919001
918813
918709
918657
918549
918502
918475
918448
918414
918405
918340
918334
918292
918016
917972
917618
917563
917551
917456
917266
917258
917239
917169
916971
916910
916910
916706
916501
916475
916180
915983
915936
915810
915737
915534
915296
915124
915025
914771
914707
914629
914600
914479
914457
914387
914244
914227
914124
914045
913967
913940
913807
913801
913696
913667
913551
913515
913478
913478
913451
913330
913227
913118
912772
912724
912600
912496
912401
912322
912308
912167
912116
912062
912050
912015
911808
911780
911693
911650
911584
911387
911262
911207
911136
910992
910827
910606
910574
910572
910545
910496
910426
910385
910361
910266
910244
909541
909534
909443
909343
909331
909202
909109
909091
909058
909031
909024
908648
908626
908589
908495
908455
908452
908404
908396
908219
907964
907824
907736
907574
907413
907359
907311
907298
907203
907072
907048
906904
906852
906731
906715
906610
906512
906298
906247
906126
906106
905930
905858
905760
905680
905649
905493
905429
905428
905412
905008
904997
904908
904801
904563
904470
904210
904164
903957
903932
903831
903682
903514
903471
903374
903328
903281
903036
902776
902760
902729
902568
902160
902117
902051
902047
901984
901905
901534
901482
901271
900818
900817
900709
900639
900627
900515
900168
900115
899866
899853
899768
899741
899733
899634
899605
899556
899444
899409
899389
899324
899225
899120
899016
898894
898868
898799
898713
898536
898443
898347
898314
898254
898192
898018
897967
897878
897757
897510
897412
897256
897039
897026
896996
896983
896835
896822
896792
896755
896723
896531
896496
896431
896019
895847
895702
895659
895541
895474
895467
895402
895402
895305
895253
895231
895076
895013
895012
894930
894916
894689
894625
894480
894289
893972
893840
893742
893629
893619
893603
893597
893589
893485
893381
893328
893227
892782
892480
892461
892370
892266
891908
891793
891756
891714
891608
891575
891467
891395
891372
891105
891071
891016
890928
890876
890802
890796
890735
890656
890540
890474
890405
890306
890305
890050
889979
889954
889882
889781
889754
889697
889612
889499
889408
889370
889212
889031
889024
889023
888957
888888
888843
888605
888462
888340
888280
888277
888274
888192
888164
888149
888096
887989
887923
887917
887895
887879
887755
887491
887377
887188
886929
886785
886730
886585
886443
886411
886378
886326
886301
886290
885885
885569
885527
885460
885387
885356
885316
885152
885087
885043
884850
884830
884830
884766
884499
884291
884225
884128
884115
883997
883901
883898
883805
883757
883719
883663
883522
883399
883315
883288
883260
883148
882881
882802
882775
882768
882687
882540
882535
882426
882263
881952
881938
881734
881657
881554
881315
881285
881128
881033
880930
880833
880796
880769
880736
880581
880285
880267
880231
879821
879814
879558
879542
879504
879360
879332
879308
879293
879196
879188
879040
879012
878583
878566
878556
878519
878273
878226
878200
878074
877965
877467
877396
877392
877204
877184
877113
877089
877009
876997
876961
876926
876925
876693
876649
876402
876324
876233
876148
876088
876045
875906
875832
875521
875453
875272
875193
875103
875047
874971
874934
874797
874737
874442
874255
874095
874043
874018
873883
873797
873723
873602
873602
873531
873509
873442
873359
873359
873275
873228
873218
873160
873157
873028
872980
872966
872884
872810
872533
872296
872287
872167
872097
872062
871859
871771
871403
871375
871320
871203
870970
870957
870926
870869
870856
870835
870804
870652
870529
870282
870277
869885
869880
869724
869721
869506
869404
869336
869241
869047
868998
868833
868780
868766
868715
868693
868455
868435
868261
868259
868166
868131
868040
867923
867822
867557
867548
867454
867436
867388
867122
867096
866931
866786
866780
866389
866257
866161
866065
866021
865978
865936
865849
865673
865634
865614
865559
865496
865275
865066
864856
864796
864738
864656
864479
864180
864155
864019
863951
863788
863350
863295
863229
863201
863144
863059
862718
862644
862427
862245
862236
862159
862133
862031
862023
861951
861946
861596
861432
861396
861320
861297
861270
861010
860923
860921
860826
860792
860759
860692
860602
860582
860569
860551
860520
860472
860383
859982
859921
859915
859610
859509
859427
859377
859373
859296
859132
859100
859097
858950
858927
858893
858719
858686
858685
858620
858518
858437
858283
858151
858130
858106
857822
857574
857095
857053
856975
856905
856867
856700
856662
856456
856359
855631
855529
855217
855144
855116
855083
855082
855001
854935
854803
854703
854596
854178
853920
853805
853790
853698
853609
853606
853535
853472
853416
853407
853151
853148
852935
852867
852768
852629
852618
852452
852249
852043
852043
851880
851763
851700
851586
851416
851306
851296
851207
851206
851193
851092
851092
851048
851013
850986
850934
850908
850851
850763
850578
850459
850351
850328
850325
850285
850236
850130
850031
849794
849773
849659
849536
849505
849456
849339
849238
849225
849036
848917
848847
848662
848640
848606
848353
848268
848264
848085
848041
847951
847916
847878
847800
847620
847565
847472
847452
847338
847259
847085
846951
846921
846864
846855
846427
845994
845992
845696
845436
845336
845311
845209
845103
845058
844952
844676
844446
844247
844130
844068
843941
843906
843734
843720
843697
843623
843598
843509
843383
843221
843088
842945
842944
842931
842857
842745
842644
842614
842400
842383
842308
842292
842210
842191
841852
841791
841687
841519
841515
841399
841364
841347
841246
840954
840940
840928
840872
840721
840694
840682
840623
840548
840276
840254
840237
839871
839766
839700
839603
839582
839553
839446
839402
839339
839278
839052
838900
838687
838603
838564
838427
838401
838383
838342
838332
838202
838124
837904
837821
837546
837456
837369
837232
837186
837010
836931
836872
836700
836487
836430
836372
836329
836259
836144
836103
836103
835869
835860
835852
835685
835640
835620
835609
835547
835538
835437
835432
835154
835012
835009
834965
834864
834818
834773
834399
834375
834268
834249
834236
834116
834049
833897
833704
833628
833600
833591
833577
833508
833247
833207
833006
832954
832847
832830
832602
832540
832390
832313
832289
832075
832014
831727
831706
831553
831534
831465
831402
831133
831066
830803
830418
830396
830237
830205
830185
830133
830095
830060
829970
829960
829956
829871
829799
829547
829412
829392
829376
829193
829060
828851
828716
828701
828680
828511
828368
828290
828222
828221
828112
828109
828102
828052
828050
827702
827544
827356
827306
827303
827219
827179
827115
826944
826894
826765
826707
826695
826610
826574
826526
826418
826408
826328
826312
826224
826166
825892
825797
825722
825459
825279
825196
825181
825102
825067
825013
825009
824990
824973
824812
824783
824771
824737
824384
824355
824279
824173
824012
823682
823571
823279
823075
823041
822962
822727
822588
822518
822353
822204
822197
822166
822092
822002
821783
821768
821603
821567
821300
821124
821040
820980
820732
820423
820410
820390
820309
820259
820239
819923
819387
819269
819268
819131
819008
818954
818883
818816
818796
818728
818727
818714
818691
818666
818664
818504
818502
818438
818431
818393
818374
818304
818230
818217
818197
818000
817993
817885
817874
817732
817727
817661
817571
817516
817472
817407
817337
817240
817133
817107
817078
816856
816802
816590
816562
816498
816427
816061
815831
815736
815641
815555
815486
815398
815318
815254
815159
815046
814908
814760
814731
814699
814644
814449
814196
814162
814128
814028
813672
813528
812809
812750
812732
812677
812577
812552
812232
812112
811809
811781
811775
811684
811375
811354
811259
811253
811229
811191
811089
810944
810934
810866
810550
810501
810424
810385
810171
809989
809806
809685
809652
809627
809437
809112
809053
808959
808862
808847
808727
808684
808643
808432
808425
808399
808313
808242
808042
807941
807711
807517
807506
807489
807268
807256
807183
807031
807016
807004
806935
806923
806903
806887
806817
806791
806696
806586
806422
806380
806184
806131
806059
805840
805768
805663
805619
805595
805588
805587
805373
805329
805230
805219
805105
805053
804869
804855
804793
804632
804566
804562
804443
804371
804315
804078
803723
803497
803091
802919
802907
802541
802505
802363
802133
802053
802024
801905
801835
801817
801468
801458
801444
801434
801377
801268
801221
801138
800908
800864
800822
800794
800639
800637
800551
800270
800208
800023
799832
799739
799345
799030
798796
798691
798449
798286
798124
798080
797947
797852
797842
797535
797490
797478
797410
797219
797114
797073
797039
797034
796898
796819
796813
796791
796790
796741
796593
796589
796515
796147
795998
795877
795797
795708
795693
795578
795490
795440
795321
795262
795243
795128
794813
794694
794665
794363
794281
794279
794183
794144
793877
793871
793845
793674
793585
793546
793486
793470
793387
793373
793338
793309
793275
793226
793119
793062
793006
792969
792721
792701
792647
792633
792585
792521
792423
792394
792286
792228
792220
792093
792069
791975
791892
791887
791871
791728
791610
791529
791525
791508
791476
791306
791246
791003
790747
790556
790437
790397
790258
790040
789906
789877
789833
789788
789643
789621
789407
789370
789145
789108
788953
788901
788831
788810
788799
788683
788675
788597
788541
788536
788345
788116
788075
787978
787919
787909
787566
787543
787519
787479
787444
787416
787364
787315
787066
786949
786930
786897
786888
786684
786459
786416
786346
786191
785935
785870
785726
785652
785637
785635
785593
785584
785580
785574
785547
785503
785481
785397
785336
785330
785322
785228
785112
785096
785073
785053
784898
784769
784725
784552
784512
784197
784131
784121
784086
784028
783999
783837
783736
783629
783509
783509
783400
783274
783172
782986
782882
782819
782614
782421
782181
782087
781867
781744
781646
781523
781502
781481
781366
781272
781254
781166
781136
780920
780903
780734
780720
780630
780480
780342
780299
780264
780239
780168
779996
779882
779759
779554
779492
779238
779116
779102
779089
779031
778843
778652
778509
778435
778434
778413
778342
778329
778163
778125
777650
777606
777544
777492
777455
777452
777442
777311
777298
777173
777081
777073
777029
777001
776819
776807
776616
776576
776443
776317
776101
776076
776024
775982
775924
775539
775503
775473
775444
775437
774971
774952
774849
774727
774666
774429
774346
774145
774118
773900
773704
773703
773417
773403
773365
773062
773006
772924
772922
772741
772726
772718
772652
772642
772074
772049
771934
771685
771657
771596
771074
770844
770811
770720
770451
770419
770413
770413
770360
770340
770295
770250
770035
769959
769927
769905
769901
769795
769782
769752
769561
769507
769496
769409
769408
769378
769280
769267
769250
769210
769074
769046
768906
768867
768695
768509
768469
768372
768311
768285
768199
768163
768083
768018
767401
767285
767091
766914
766834
766673
766561
766555
766545
766431
766212
766179
765970
765955
765670
765666
765628
765482
765429
765302
765223
765218
765109
764926
764862
764826
764790
764579
764579
764395
764393
764022
763871
763777
763770
763608
763605
763565
763402
763388
763345
763267
763056
763006
762759
762746
762501
762331
762117
762091
762075
761966
761831
761796
761761
761635
761396
761353
761349
761179
761072
761045
761027
760835
760728
760539
760397
760386
760246
760209
760202
760200
760198
760136
760074
759906
759669
759605
759484
759372
759015
759005
758938
758704
758702
758596
758516
758172
757969
757804
757791
757732
757499
757397
757396
757387
757373
757354
757149
756896
756761
756545
756439
756386
756318
756289
755995
755944
755930
755908
755753
755598
755531
755321
755175
755173
755159
755152
755093
754975
754825
754808
754603
754424
754296
754287
754277
754277
754230
754216
754191
753976
753929
753784
753630
753562
753533
753460
753429
753083
752854
752679
752319
752255
752229
752127
752122
751982
751851
751711
751586
751509
751487
751484
751344
751295
751280
751276
751249
751234
751229
751212
751132
750998
750937
750648
750476
750472
750203
750106
750010
749914
749888
749843
749535
749507
749496
749445
749363
749281
749279
749206
749137
749033
748850
748844
748841
748794
748758
748603
748306
748252
748113
747962
747940
747843
747712
747701
747654
747368
747202
747152
746801
746792
746780
746626
746502
746462
746403
746369
746165
746134
746107
746106
746040
745974
745889
745884
745860
745798
745766
745710
745401
745296
745255
745128
745112
745089
745062
744978
744894
744886
744782
744735
744734
744540
744219
744174
744133
744129
744100
743935
743770
743764
743756
743457
743403
743124
743119
742842
742797
742756
742594
742528
742517
742279
741917
741916
741882
741673
741606
741332
740999
740864
740854
740843
740600
740511
740463
739968
739875
739866
739813
739699
739427
739396
739312
739212
739197
739037
738945
738941
738904
738883
738830
738814
738627
738543
738438
738344
738311
738215
738124
738049
737834
737813
737612
737485
737383
737310
737226
737116
736730
736450
736345
736243
736183
736129
736121
736016
736015
735972
735566
735514
735201
735133
735045
734783
734464
734299
734291
734121
734091
734006
733908
733804
733779
733750
733727
733368
733274
733254
733155
733140
733090
733071
732921
732760
732678
732496
732333
732203
732113
732098
732092
732087
732059
731963
731960
731920
731869
731634
731537
731467
731296
731156
731151
731088
730718
730715
730630
730602
730530
730359
730083
730077
730069
729950
729945
729913
729860
729827
729783
729779
729610
729460
729318
729268
729224
729201
729127
729095
728909
728850
728837
728667
728632
728587
728553
728553
728441
728172
728088
727995
727752
727680
727532
727351
727345
727304
727299
727298
727220
727170
727044
726916
726839
726834
726830
726830
726759
726719
726716
726663
726501
726472
726426
726369
726120
726043
725977
725805
725717
725695
725630
725554
725377
725295
725192
725145
725129
725097
724938
724808
724743
724624
724623
724582
724580
724522
724509
724462
724433
724394
724359
724111
723922
723816
723808
723799
723741
723734
723724
723672
723611
723600
723415
723249
723156
723144
723068
723034
722962
722697
722671
722435
722271
722253
722212
722149
722124
722023
722002
721939
721857
721815
721344
721293
721073
720982
720977
720661
720487
720307
719997
719926
719902
719899
719896
719833
719652
719627
719610
719556
719537
719454
719420
719288
719104
719068
719020
719004
718978
718765
718575
718528
718418
718303
718015
717927
717888
717689
717683
717514
717425
717391
717276
717254
717194
716688
716455
716324
716229
716143
716076
716065
716047
715706
715615
715533
715512
715485
715444
715287
715213
714998
714770
714722
714636
714323
714172
714169
714145
714127
714105
714038
713989
713746
713603
713203
713152
713036
713032
712997
712978
712850
712714
712597
712582
712422
712416
712223
712183
712134
712062
712060
712013
711752
711485
711362
711329
711290
711258
711141
711128
710846
710782
710740
710673
710305
710255
710140
710090
709974
709903
709650
709613
709527
709456
709363
709317
709301
709257
709193
709039
708904
708845
708726
708683
708385
708111
707986
707921
707717
707472
707293
707285
707164
707018
707017
707013
707006
706989
706812
706760
706742
706636
706603
706468
706298
706223
706153
706151
706057
705994
705805
705793
705790
705716
705669
705612
705541
705519
705438
705422
705378
705334
705244
705221
705191
705119
705113
704995
704993
704980
704890
704796
704783
704715
704638
704332
703930
703668
703661
703602
703586
703579
703557
703441
703377
703287
703198
703179
702999
702959
702941
702747
702677
702603
702592
702525
702514
702496
702394
702364
702324
702236
702221
702220
702010
701988
701721
701541
701540
701389
701298
701235
701046
701043
700661
700586
700541
700386
700256
700169
700064
699968
699967
699954
699663
699627
699576
699491
699292
699216
699169
699150
699106
698866
698556
698533
698531
698459
698434
698403
698311
698295
698227
698087
697993
697992
697955
697878
697810
697697
697644
697593
697265
697264
697146
696970
696850
696843
696838
696825
696745
696686
696531
696314
696221
696182
695992
695747
695693
695523
695454
695432
695406
694920
694867
694708
694693
694652
694560
694475
694456
694281
694062
693986
693957
693718
693711
693709
693537
693250
693090
692898
692781
692677
692605
692532
692513
692334
692329
692228
692216
692040
692017
691956
691903
691843
691824
691596
691550
691537
691489
691461
691343
691095
690965
690939
690907
690905
690887
690848
690808
690607
690463
690417
690386
690196
690190
690066
689846
689821
689808
689705
689656
689606
689598
689583
689542
689531
689497
689392
689341
689247
689207
689089
688842
688494
688478
688416
688018
687991
687518
687489
687383
687301
687297
687166
687005
686802
686795
686758
686740
686685
686632
686617
686591
686549
686546
686316
686070
686053
685978
685922
685909
685820
685709
685693
685509
685507
685505
685467
685342
685258
685034
685001
684983
684981
684806
684649
684607
684526
684471
684469
684387
684386
684375
684363
684349
684337
684294
684232
684043
684015
683969
683912
683757
683746
683607
683374
683047
682995
682985
682975
682970
682959
682680
682624
682580
682573
682528
682331
682262
682219
682143
682107
682076
681940
681885
681862
681835
681765
681362
681241
680984
680914
680674
680641
680370
680040
679870
679770
679739
679563
679494
679358
679345
679209
679201
679187
679169
679164
679067
678931
678881
678870
678760
678712
678608
678586
678443
678426
678298
678222
678220
678014
677863
677814
677609
677483
677482
677450
677430
677275
676989
676966
676815
676806
676631
676543
676501
676410
676223
676115
676113
676037
675969
675754
675547
675409
675312
675290
675136
675108
675106
675088
674927
674696
674672
674661
674541
674472
674458
674427
674359
674115
673985
673887
673848
673840
673814
673548
673513
673463
673354
673280
673271
673193
673119
672994
672806
672790
672669
672530
672446
672446
672201
672125
672122
672103
672025
671928
671758
671648
671564
671373
671256
671182
671094
671072
670993
670749
670685
670673
670550
670524
670378
670331
670160
669939
669834
669756
669643
669642
669574
669482
669446
669442
669077
668994
668757
668674
668389
668350
668291
668214
667875
667839
667682
667516
667493
667306
667267
667165
667077
666987
666943
666858
666610
666606
666605
666518
666485
666222
666214
666147
666112
666099
665990
665821
665705
665651
665598
665596
665514
665474
665270
665146
665070
665029
664929
664777
664709
664554
664350
664298
664265
664236
664221
664154
664130
663956
663919
663872
663773
663710
663703
663689
663605
663516
663483
663379
663243
663176
662943
662863
662784
662724
662608
662508
662393
662313
662081
661977
661965
661960
661915
661859
661814
661794
661647
661644
661629
661534
661465
661437
661412
661400
661336
661241
661193
661175
661130
661100
661068
661066
660802
660719
660715
660659
660658
660621
660581
660500
660464
660435
660232
660090
660012
659895
659743
659711
659695
659678
659668
659613
659511
659497
659488
659386
659276
658868
658860
658822
658732
658697
658632
658632
658468
658264
658181
658158
658142
657913
657620
657548
657387
657225
657188
657153
657139
657069
656990
656886
656852
656744
656670
656516
656442
656396
656386
656164
655894
655884
655786
655436
655359
655268
655163
655120
655073
654994
654966
654610
654269
654193
653867
653842
653750
653736
653732
653569
653509
653434
653316
653001
652933
652859
652818
652804
652803
652627
652608
652594
652586
652582
652538
652441
652303
652243
652158
652102
652056
652039
651998
651942
651872
651841
651834
651823
651688
651593
651546
651493
651475
651384
651336
650977
650806
650601
650519
650423
650419
650391
650249
650215
649888
649649
649644
649493
649471
649423
649364
649310
649223
649042
648929
648856
648700
648494
648383
648224
648198
648168
647940
647932
647906
647627
647622
647609
647558
647526
647492
647415
647350
647304
647304
647130
647102
646827
646746
646688
646654
646638
646525
646279
646202
645956
645955
645837
645786
645756
645660
645503
645319
645228
645068
645033
644612
644574
644511
644399
644272
644259
644217
644181
644165
644002
644000
643829
643688
643641
643401
643335
643232
643228
643214
643133
643125
643123
643102
643034
642833
642370
642350
642336
642307
642236
642019
641838
641777
641354
641342
641147
641116
641079
641030
640883
640872
640793
640698
640412
640121
640069
639817
639801
639595
639381
639359
639292
638819
638785
638771
638749
638712
638617
638611
638329
638195
638078
637863
637827
637722
637695
637471
637381
637148
637143
636958
636932
636883
636702
636681
636671
636564
636537
636501
636398
636194
636063
635966
635958
635589
635408
635265
635134
635111
635062
635017
635016
634855
634694
634556
634058
634004
633997
633949
633766
633533
633392
633372
633255
633105
633079
633065
633046
632999
632948
632831
632803
632798
632651
632648
632605
632593
632541
632451
632415
632243
631986
631910
631819
631569
631559
631259
631232
631204
631199
631056
631050
630811
630793
630755
630718
630705
630543
630465
630401
630399
630056
629989
629844
629821
629700
629695
629675
629661
629596
629518
629462
629055
628911
628679
628615
628405
628240
628186
628112
627941
627847
627741
627690
627619
627468
627253
627211
627169
627160
627154
627130
627106
627092
627035
626952
626932
626810
626783
626694
626618
626517
626472
626305
626177
626168
626047
626037
626002
625950
625897
625717
625621
625563
625304
625273
625241
625238
624953
624723
624590
624489
624446
624395
624325
624232
624065
623844
623836
623783
623746
623704
623658
623525
623263
623154
622914
622883
622863
622852
622851
622831
622735
622516
622488
622277
622275
622093
622053
622036
622026
621840
621726
621564
621484
621362
621181
621065
621048
620830
620662
620644
620572
620510
620460
620456
620397
620384
620302
620162
619953
619707
619584
619576
619481
619469
619406
619404
619402
619207
619048
618948
618934
618888
618808
618794
618768
618734
618592
618484
618226
618065
617926
617541
617406
617288
617270
617262
617220
617187
617000
616974
616875
616850
616803
616738
616695
616626
616626
616571
616548
616539
616391
616390
616338
615992
615836
615665
615629
615505
615476
615236
615210
615204
615036
614889
614771
614575
614485
614429
614400
614355
613995
613972
613915
613853
613802
613642
613491
613176
612994
612984
612974
612687
612571
612540
612444
612427
612379
612144
612142
612123
612050
612049
611927
611876
611768
611681
611615
611585
611493
611449
611239
611190
611167
611115
611000
610938
610871
610757
610716
610688
610647
610633
610550
610506
610502
610489
610354
610088
610018
609953
609850
609740
609613
609483
609337
609334
609334
609325
609165
609064
608987
608678
608617
608514
608400
608284
608175
608165
608157
608145
608129
608120
608074
608071
608016
608005
607854
607846
607845
607779
607679
607676
607625
607565
607402
607354
607349
607328
607292
607261
607240
607211
607053
607012
606638
606587
606438
606320
606265
605963
605803
605657
605442
605278
605055
605021
604883
604848
604575
604342
604295
604227
604131
604106
604038
603802
603609
603541
603405
603383
603358
603329
602364
602312
602226
602211
602183
602180
602111
601998
601554
601475
601245
601207
600973
600819
600760
600574
600543
600382
600249
600074
600038
600037
599940
599909
599685
599508
599304
599057
599007
598991
598751
598748
598691
598622
598470
598370
598332
598319
598173
598137
598136
598105
598101
597919
597907
597609
597592
597527
597403
597389
597323
597077
597001
596655
596452
596418
596403
596333
596292
596265
596225
596144
595794
595669
595632
595534
595272
594849
594710
594654
594464
594461
594369
594292
594194
593705
593535
593422
593394
593385
593141
593014
592943
592713
592658
592331
592267
592266
592264
592173
592114
591917
591828
591811
591786
591771
591628
591470
591447
591408
591340
591177
591121
591120
591095
591070
590957
590944
590879
590797
590795
590795
590759
590524
590198
590145
590121
589947
589671
589353
589352
589246
589157
589129
589108
588997
588953
588825
588551
588254
588221
588155
587956
587887
587862
587730
587309
587147
587128
587080
587077
587058
586922
586874
586844
586841
586664
586651
586645
586518
586205
586150
586105
585843
585788
585625
585619
585618
585606
585581
585562
585467
585400
585317
585306
585174
584998
584994
584925
584778
584725
584653
584342
584317
584274
584103
584094
584054
583974
583972
583404
583225
582963
582921
582734
582699
582488
582388
582360
582268
582266
582251
582238
582209
582147
582089
581843
581748
581746
581733
581722
581592
581438
581128
581028
580989
580968
580908
580851
580762
580368
580227
580091
580077
580018
579976
579839
579815
579360
579275
579170
579166
579068
578940
578856
578689
578238
578198
577982
577834
577773
577641
577583
577457
577236
577214
577179
577100
576998
576890
576871
576868
576693
576617
576563
576480
576445
576431
576296
576034
576002
575876
575644
575368
574879
574711
574683
574628
574595
574418
574331
573941
573915
573655
573564
573500
573498
573377
573284
573138
573131
573076
573021
572878
572727
572692
572687
572177
571990
571952
571838
571836
571777
571678
571535
571444
571431
571332
571298
571246
570833
570819
570678
570565
570551
570387
570104
569955
569912
569841
569768
569679
569672
569561
569482
569446
569337
569315
569003
568853
568797
568750
568723
568474
568196
568011
567581
567198
567118
567047
566822
566732
566626
566432
566296
566277
566057
566045
565930
565892
565793
565717
565702
565483
565404
565305
565149
564912
564852
564795
564454
564396
564346
564280
564184
564069
563843
563780
563674
563523
563415
563286
563210
563167
562932
562926
562911
562910
562894
562801
562751
562698
562668
562577
562519
562480
562440
562424
562373
562365
562342
562298
562247
562214
562193
562070
562014
562005
561957
561834
561794
561758
561703
561697
561654
561652
561628
561585
561430
561282
561275
561256
561115
561066
560940
560850
560828
560763
560527
560376
560314
560218
560207
560034
559860
559849
559784
559716
559660
559418
559149
559073
559060
559028
558960
558821
558755
558651
558630
558563
558384
558324
558167
558082
557957
557328
557303
557274
557214
557189
557043
556771
556524
556288
556254
556177
555850
555824
555775
555721
555715
555554
555550
555524
555492
555222
555185
555178
555066
555065
555032
554988
554923
554901
554824
554510
554327
554230
554228
554196
554066
553708
553280
553030
552970
552848
552810
552465
552390
552380
552325
552075
552060
551963
551956
551852
551786
551624
551481
551424
551233
551165
551126
551047
550897
550813
550742
550682
550622
550620
550483
550413
550397
550395
550252
550036
549972
549873
549564
549488
549271
549215
549200
549176
548923
548901
548667
548523
548509
548470
548449
548423
548378
548182
548178
548161
548120
547906
547897
547329
547166
547126
547053
547001
546991
546956
546695
546626
546614
546517
546394
546246
546134
546100
546023
545940
545805
545744
545678
545569
545381
545234
545086
545075
545063
544955
544914
544860
544798
544767
544612
544540
544344
544304
544264
544262
544169
544046
543972
543870
543781
543709
543673
543455
543341
543307
543285
543187
543150
543000
542813
542802
542714
542655
542483
542476
542408
542403
542333
542255
542238
542166
542116
542044
541887
541828
541687
541657
541606
541355
541262
541256
541208
541124
541059
541025
540704
540697
540551
540450
540370
540310
540274
540237
540192
540155
539891
539877
539805
539729
539726
539688
539647
539595
539382
539292
539289
539142
538807
538752
538308
538089
538042
538002
537975
537916
537836
537482
537451
537439
537221
537026
536919
536539
536439
536150
536027
535946
535912
535892
535871
535852
535840
535719
535603
535452
535383
535350
535083
535003
534856
534854
534729
534644
534542
534526
534449
534378
534350
534335
533704
533504
533292
533121
532906
532659
532615
532524
532020
531976
531795
531533
531242
531156
531125
531089
530785
530781
530601
530543
530385
530284
530246
529920
529651
529636
529549
529540
529476
529461
529425
529324
529305
529289
529075
529041
529005
528921
528797
528614
528425
528383
528212
528211
528192
528122
528045
528003
527804
527141
527074
526967
526760
526592
526571
526526
526491
526454
526412
526324
526231
526107
525824
525719
525277
525135
525063
525063
524915
524907
524879
524704
524654
524631
524558
524458
524450
524442
524058
524003
523832
523773
523549
523522
523489
523374
523219
523180
523059
523032
523005
522832
522822
522628
522285
522224
522201
522157
522059
521852
521764
521709
521637
521395
521212
521194
521119
520965
520866
520659
520647
520499
520364
520312
519791
519714
519374
519315
519252
519125
518827
518760
518755
518591
518586
518510
518450
518224
518206
517675
517622
517582
517563
517489
517383
517288
517257
517220
517216
516858
516840
516598
516581
516437
516414
516193
516161
515981
515931
515769
515739
515385
515329
515212
515141
515036
515011
514926
514918
514909
514638
514273
514272
514176
513965
513920
513715
513714
513557
513524
513472
513243
513168
513098
513042
512927
512890
512508
512430
512343
512262
512155
512124
512012
511697
511671
511603
511498
511495
511392
511199
510967
510518
510031
510028
509953
509948
509944
509916
509856
509429
509375
509361
509137
509113
509012
509009
508867
508579
508578
508528
508220
508211
508168
507979
507684
507530
507419
507337
507331
507302
507016
506781
506762
506658
506651
506308
506213
506083
506033
505798
505518
505491
505414
505288
505166
504548
504391
504041
503930
503918
503867
503859
503750
503512
503452
503264
503229
502982
502933
502880
502777
502739
502570
502372
502362
502309
502213
502133
502036
502004
501963
501890
501879
501850
501675
501400
501048
500947
500769
500644
500509
500496
500331
500311
500227
500217
500072
500056
499903
499812
499795
499697
499584
499441
499314
499305
499257
499118
499056
498974
498871
498695
498640
498575
498560
498506
498194
498066
498036
497895
497878
497809
497726
497620
497443
497321
497136
497038
497000
496872
496726
496705
496567
496539
496424
496347
496276
496210
496138
496013
495911
495775
495768
495742
495710
495689
495597
495583
495502
495380
494824
494797
494778
494716
494700
494633
494513
494457
494389
494315
494268
494108
493780
493766
493686
493665
493657
493506
493461
493339
493249
493175
493127
493005
492970
492926
492919
492725
492482
492415
492335
492267
492120
492043
491590
491370
491148
491102
491067
490958
490948
490940
490616
490569
490454
490402
490335
490271
490014
489950
489878
489774
489740
489621
489551
489439
489270
489207
489031
488778
488742
488697
488452
487770
487606
487601
487406
487260
487197
487109
487106
486995
486799
486584
486444
486382
486351
486185
486171
486131
486038
485966
485743
485632
485487
485414
485224
485200
485150
485117
485065
485051
485005
484886
484817
484745
484687
484325
484114
484041
483941
483861
483755
483695
483619
483322
483263
483054
483034
482939
482906
482810
482703
482659
482584
482559
482491
482470
482432
482404
482394
482286
482217
482211
482115
481847
481802
481694
481670
481316
481224
481045
481034
481006
480999
480979
480932
480901
480879
480804
480741
480625
480609
480595
480499
480491
480309
480269
480254
480214
480106
480070
480024
479724
479662
479609
479336
479290
479191
479165
479001
478853
478842
478740
478645
478623
478441
478206
478206
477996
477864
477864
477791
477778
477760
477644
477571
477483
477390
477273
477273
477234
477174
477123
477071
477050
476908
476702
476679
476611
476425
476350
476209
476181
476129
476061
475983
475969
475380
475342
475306
474959
474625
474478
474350
474050
473795
473760
473646
473576
473530
473516
473424
473298
473071
473032
473024
472965
472704
472325
472324
472110
472085
472078
471982
471804
471777
471475
471383
471350
471344
471327
471041
471036
470987
470913
470908
470296
470214
470160
469847
469681
469596
469594
469556
469543
469523
469475
469326
469280
469167
468992
468785
468463
468375
468148
468097
467912
467742
467518
467452
467396
467349
467323
467190
467181
467057
466950
466935
466903
466613
466467
466425
466197
466012
465860
465855
465827
465757
465741
465709
465630
465314
465303
465280
465144
465142
465072
465066
465060
465058
464943
464717
464609
464605
464592
464428
464364
464267
464231
464197
464197
464032
464026
463998
463955
463934
463912
463751
463741
463605
463456
463426
463393
463319
463018
462853
462685
462658
462637
461956
461806
461613
461608
461540
461529
461313
461042
460957
460642
460540
460448
460448
460309
460247
459961
459480
459337
459337
459278
458943
458738
458681
458549
458518
458511
458458
458063
457914
457790
457671
457637
457596
457567
457491
457481
457375
457297
456956
456906
456899
456860
456791
456760
456640
456514
456510
456474
456387
456278
456250
456124
456123
456069
456034
455976
455856
455848
455836
455612
455611
455528
455419
455116
454995
454900
454839
454666
454618
454356
454156
454129
454043
454011
453972
453804
453668
453621
453572
453502
453397
453388
453370
453326
453144
453108
453055
453015
452979
452629
452568
452567
452543
452383
452381
452092
451819
451757
451581
451579
451558
451524
451392
451314
451284
451190
451086
451063
451037
450988
450900
450873
450791
450373
450190
450088
450074
449966
449777
449752
449428
449279
449246
449178
449101
449032
448957
448947
448913
448835
448634
448544
448535
448523
448382
448343
448302
448247
448171
447928
447867
447785
447761
447736
447687
447667
447560
447120
447091
446956
446900
446853
446727
446661
446635
446596
446460
446445
446336
446222
446180
446019
445967
445828
445643
445620
445322
445232
445093
445050
444688
444671
444453
444440
444344
444270
444256
444251
444226
444222
443949
443796
443761
443478
443295
443165
442891
442671
442649
442630
442603
442577
442487
442429
442327
441999
441785
441703
441519
441334
441304
441278
441268
441249
441199
441168
440925
440851
440830
440761
440603
440156
440066
439996
439931
439668
439654
439641
439300
439277
439188
439137
438905
438637
438628
438338
438264
438205
438152
438042
437854
437807
437610
437270
437172
437081
437021
436799
436797
436625
436574
436468
436445
436367
436049
435968
435940
435537
435466
435436
435192
435092
435003
434967
434810
434655
434635
434605
434504
434311
434292
434292
434254
434175
434154
434120
433954
433703
433639
433632
433517
433435
433254
433146
433090
433076
433064
432930
432873
432790
432706
432659
432586
432143
432088
432075
431990
431912
431892
431838
431797
431717
431675
431600
431589
431557
431326
431312
431229
431193
431167
431105
431037
431009
430888
430826
430762
430703
430696
430658
430569
430504
430475
430470
430400
430310
430276
430183
430007
429989
429929
429792
429701
429472
429336
429176
429049
429045
429011
428890
428874
428789
428788
428692
428588
428446
428436
427913
427726
427567
427445
427439
427388
427338
427306
427172
427131
426931
426729
426665
426443
426354
425942
425891
425830
425778
425607
425469
425318
425299
425215
425064
425062
425017
425004
424956
424817
424785
424742
424488
424428
424080
423945
423945
423934
423902
423836
423758
423685
423631
423523
423270
423268
423207
422778
422538
422505
422395
421976
421899
421621
421584
421502
421472
421428
421081
420985
420852
420656
420441
420422
420231
420088
420067
420011
419953
419949
419925
419785
419721
419531
419486
419408
419348
419337
419228
419209
418665
418596
418547
418307
418069
418061
418057
417984
417706
417669
417620
417475
417243
417173
417125
417077
416907
416499
416498
416438
416196
416172
416058
415985
415873
415730
415560
415318
415304
415149
415096
415054
414654
414602
414509
414390
414226
414163
414088
414006
413968
413913
413906
413905
413774
413676
413472
413389
413336
413263
413253
413200
413075
412978
412905
412837
412719
412578
412552
412335
412323
412141
412120
412021
411892
411764
411712
411672
411667
411595
411497
411440
411131
411078
410880
410856
410785
410746
410689
410628
410426
410379
410376
410286
410172
410143
409897
409811
409674
409635
409574
409425
409404
409300
409193
409085
408828
408709
408478
408476
408068
407907
407815
407736
407693
407646
407511
407504
407079
407048
406946
406878
406856
406723
406640
406495
406350
406324
406221
406159
406132
405960
405734
405669
405567
405448
405069
405059
404839
404836
404756
404569
404511
404510
404389
404324
404302
404273
404256
404225
404224
404031
404021
403765
403707
403642
403471
402977
402910
402798
402688
402615
402611
402453
402419
402253
402227
401966
401921
401793
401726
401698
401662
401652
401465
401404
401273
401263
401166
401132
401103
400839
400834
400698
400667
400580
400511
400482
400358
400255
400187
400165
400122
400119
400095
400027
399928
399857
399599
399484
399437
399355
399338
399237
399228
399224
399203
399195
398957
398943
398821
398724
398606
398559
398466
398372
398147
398009
397931
397870
397858
397805
397751
397714
397667
397664
397592
397588
397558
397539
397415
397398
397264
397239
397202
396859
396840
396820
396648
396521
396473
396445
396051
396017
395957
395937
395913
395642
395587
395568
395431
395382
395376
395213
395156
395145
394887
394871
394847
394815
394727
394696
394480
394234
394222
394180
394149
393971
393801
393675
393672
393636
393575
393432
393317
393257
393114
393106
393008
392986
392863
392771
392762
392691
392655
392491
392467
392465
392391
392342
392279
392274
391982
391945
391854
391211
391134
390899
390855
390793
390782
390593
390591
390326
390204
390165
390131
389580
389520
389493
389364
389361
389328
389327
389191
389108
389100
389096
388784
388779
388384
388251
388207
388160
388050
387991
387969
387646
387625
387551
387543
387515
387461
387359
387342
387245
387232
387205
387165
387162
387117
387074
386941
386896
386646
386480
386383
386350
386075
385985
385973
385959
385810
385593
385474
385414
385374
385323
385321
385296
385273
385202
385183
385124
385049
384984
384833
384787
384724
384708
384601
384566
384531
384485
384442
384308
384306
384167
384163
384006
384000
383886
383876
383556
383536
383492
383452
383438
383368
383323
383263
383197
383188
382991
382989
382671
382575
382549
382548
382537
382467
382308
382203
382048
382041
381963
381781
381458
381435
381363
381323
381323
381233
380891
380819
380805
380749
380749
380515
380451
380383
380317
380034
380032
380006
380000
379999
379981
379917
379824
379656
379614
379613
379593
379547
379391
379339
379086
378952
378686
378581
378564
378454
378349
378255
378141
378040
377746
377713
377707
377706
377653
377432
377372
377353
377050
377049
376646
376634
376591
376568
376495
376414
376378
376348
376324
375905
375873
375470
375398
375271
375184
375157
374952
374913
374839
374759
374713
374661
374639
374608
374551
374503
374363
374231
374098
374063
373693
373631
373574
373561
373546
373422
373361
373064
372975
372734
372720
372663
372468
372448
372447
372413
372208
372207
371751
371724
371467
371452
371419
371415
371142
370997
370939
370782
370587
370470
370349
370133
370072
369904
369864
369852
369767
369597
369529
369414
368831
368736
368587
368555
368456
368304
368286
368083
367740
367599
367347
367186
367066
367012
367000
366986
366973
366866
366859
366859
366826
366729
366709
366606
366579
366552
366360
366203
366190
366100
365975
365918
365897
365837
365664
365650
365442
365334
365196
365171
365074
364885
364512
364332
364284
364159
364137
364101
364054
364044
363844
363834
363804
363688
363670
363419
363415
363377
362892
362844
362840
362647
362561
362471
362457
362270
362013
361619
361475
361403
361340
361296
361077
361071
361021
361015
360989
360931
360827
360709
360638
360436
360346
360346
360256
360186
360029
359951
359752
359739
359719
359618
359355
359317
359294
359151
359075
358838
358788
358531
358518
358439
358292
358161
358161
358034
358003
357656
357475
357458
357145
357081
356966
356874
356291
356258
356205
356188
356051
355987
355985
355902
355829
355682
355669
355537
355506
355502
355407
355355
355259
355228
355167
355070
354981
354969
354905
354832
354812
354735
354565
354555
354507
354309
354274
354259
354203
353964
353930
353902
353873
353774
353605
353596
353337
353266
353096
353075
352967
352926
352911
352777
352632
352564
352254
352168
352156
352148
352136
352086
352059
352034
351949
351932
351917
351793
351683
351512
351383
351335
351175
351124
350959
350931
350876
350836
350786
350762
350744
350734
350622
350377
350287
350127
350123
350062
350042
349929
349881
349795
349769
349642
349623
349610
349478
349472
349231
349209
349127
348991
348879
348645
348334
348259
348229
348218
348116
348036
347999
347958
347916
347874
347829
347805
347778
347715
347671
347629
347265
347116
347105
347041
347019
346981
346954
346896
346809
346690
346600
346518
346123
346120
346086
346076
346074
346033
345936
345932
345830
345634
345547
345482
345478
345429
345332
345084
344993
344980
344911
344732
344713
344678
344563
344520
344473
344431
344384
344318
344202
344166
344030
344024
344018
343950
343891
343774
343583
343564
343530
343374
343225
343175
343091
342912
342901
342814
342733
342704
342691
342670
342667
342663
342576
342535
342403
342399
342367
342194
342161
341950
341873
341808
341743
341694
341610
341545
341528
340854
340766
340700
340675
340448
340407
340215
340163
340150
340146
340115
340096
340011
339962
339871
339843
339793
339759
339592
339589
339578
339334
339300
339253
339217
339189
339141
339067
339020
338925
338907
338841
338701
338585
338489
338487
338456
338441
338427
338383
338157
337839
337807
337599
337166
337090
336670
336457
336457
336420
336377
336314
336307
336299
336244
336239
336169
336018
335954
335936
335715
335644
335619
335604
335270
335145
335048
335030
334841
334833
334813
334765
334669
334646
334615
334454
334384
334311
334227
334140
334099
333760
333710
333640
333407
333086
332983
332845
332793
332676
332601
332418
332372
331900
331733
331531
331507
331392
331349
331200
331089
330932
330737
330713
330709
330691
330614
330572
330535
330296
330268
330259
330159
330093
330091
330041
329987
329945
329884
329872
329483
329345
329313
329215
328880
328780
328706
328532
328517
328469
328405
328364
328348
328343
328227
328227
328037
328030
327835
327680
327659
327597
327448
327415
327385
327359
327345
327209
327202
327002
326999
326944
326943
326923
326666
326557
326337
326160
326145
325561
325534
325501
325430
325297
324965
324746
324729
324686
324596
324584
324530
324458
324446
324399
324366
324341
324335
324318
324143
324108
324010
323905
323820
323699
323516
323430
323428
323326
323319
323288
323243
323211
323195
323178
322993
322945
322874
322847
322812
322724
322685
322647
322549
322545
322299
322149
322089
322030
322005
321798
321596
321521
321508
321424
321333
321306
321140
321132
320995
320906
320890
320836
320766
320762
320666
320657
320633
320613
320452
320139
320026
319980
319958
319903
319886
319783
319774
319719
319511
319497
319417
319306
319292
319263
319234
319216
319134
319090
319066
318946
318939
318779
318694
318652
318625
318596
318389
318348
318300
318263
318085
318080
318057
317925
317902
317783
317686
317436
317313
317149
317147
316979
316964
316879
316845
316829
316367
316310
316246
316149
316095
316082
315880
315634
315547
315535
315135
314989
314901
314900
314810
314744
314728
314698
314668
314667
314539
314312
314284
314177
314130
314024
314001
313915
313913
313911
313736
313721
313695
313484
313268
313029
312525
312421
312410
312407
312389
312074
311789
311782
311741
311601
311304
311261
311075
311057
311055
310910
310858
310825
310809
310803
310728
310638
310594
310540
310458
310440
310423
310359
310207
309736
309690
309670
309647
309472
309311
309270
309003
308946
308936
308840
308807
308750
308663
308607
308591
308457
308384
308062
308044
307919
307755
307425
307328
307099
307085
307013
307003
306959
306915
306780
306735
306681
306637
306551
306458
306288
306234
306229
306172
305716
305590
305555
305437
305383
305380
305265
305243
305001
304903
304799
304725
304363
304116
303942
303918
303877
303782
303748
303710
303612
303453
303405
303297
303207
303038
302995
302979
302872
302591
302512
302332
302042
301985
301972
301812
301189
300836
300761
300703
300565
300356
300324
300298
300085
299526
299512
299327
299315
298934
298910
298862
298834
298805
298788
298772
298453
298353
298345
298294
298225
298212
298136
298037
297617
297615
297608
297585
297445
297327
297306
297218
297183
297138
297003
296857
296799
296725
296412
296314
296311
296269
296265
296183
296145
296143
296015
295983
295965
295844
295797
295791
295470
295350
295277
295064
295035
295006
294960
294890
294592
294573
294544
294334
294212
293822
293805
293760
293700
293645
293560
293508
293418
293367
293296
293287
293213
293125
293093
293022
292956
292767
292593
292588
292587
292421
292306
291984
291910
291765
291749
291601
291100
290981
290894
290453
290326
290290
290255
290105
289711
289502
289397
289359
289299
289062
289006
288985
288809
288694
288570
288451
288432
288401
287979
287938
287635
287610
287582
287581
287567
287546
287532
287395
287366
287083
287069
286806
286740
286528
286436
286410
286350
286303
286284
286175
286172
286066
285981
285953
285932
285878
285866
285796
285757
285693
285658
285656
285615
285475
285430
285261
285026
284992
284913
284911
284694
284667
284547
284324
284171
283844
283661
283619
283431
283430
283411
283133
282963
282892
282814
282609
282473
282384
282263
282248
282115
282098
282036
281967
281825
281730
281690
281548
281506
281416
281052
280927
280884
280875
280750
280745
280584
280584
280439
280429
280128
279894
279825
279591
279448
279378
279254
279165
278965
278790
278667
278381
278311
278159
278129
278102
278041
277929
277850
277727
277721
277667
277365
277306
277169
277143
277103
277086
277035
277005
276940
276868
276839
276669
276640
276491
276483
276255
275896
275633
275597
275541
275452
275346
275303
275269
275213
275153
274999
274847
274820
274694
274593
274582
274547
274458
274362
274339
274277
274259
274253
274164
274158
273944
273939
273666
273649
273291
273158
273125
273052
272744
272691
272644
272499
272482
272329
271991
271958
271732
271688
271651
271535
271489
271439
271424
271380
271342
271266
271237
271160
271102
271071
271046
270940
270871
270854
270643
270569
270254
270197
270192
270006
269772
269452
269406
269225
269059
268975
268932
268700
268545
268432
268388
268326
268241
268160
268043
268034
267981
267961
267944
267896
267892
267841
267823
267797
267701
267619
267553
267548
267500
267480
267467
267437
267298
267282
267240
267215
267171
267167
267128
267117
267100
267076
267063
266731
266585
266551
266162
266161
265936
265863
265672
265418
265304
265207
264880
264874
264857
264779
264526
264501
264473
263952
263948
263792
263745
263617
263584
263527
263377
263293
263132
263112
263096
263070
262926
262415
262406
262343
262257
262059
261896
261794
261732
261545
261421
261403
261400
261388
261276
260961
260799
260708
260633
260510
260443
260295
260248
260204
260051
259940
259799
259668
259597
259582
259385
259359
259222
259177
259098
258999
258897
258786
258673
258448
258235
258092
258016
258002
257971
257947
257941
257823
257817
257703
257679
257246
257190
257122
256996
256980
256963
256760
256680
256577
256551
256545
256527
256389
256199
256178
256064
256048
255919
255859
255743
255728
255625
255592
255567
255096
254588
254549
254410
254321
254234
253943
253903
253850
253726
253662
253481
253243
253224
253101
253096
252869
252865
252769
252748
252386
252293
252092
251962
251952
251846
251833
251769
251754
251742
251720
251575
251524
251471
251339
251311
251182
251156
250956
250896
250769
250717
250478
250467
250403
250180
250020
249781
249746
249551
249496
249205
249180
249144
249096
249049
249029
248988
248864
248670
248637
248554
248535
248347
248251
248231
248143
247921
247781
247447
247198
247171
246894
246840
246750
246718
246597
246524
246433
246427
246361
246334
246240
246194
245834
245811
245613
245550
245536
245509
245508
245489
245487
245433
245278
245057
244876
244761
244622
244444
244383
244346
244344
244244
244216
244166
244115
244019
243989
243964
243917
243859
243744
243675
243658
243638
243543
243450
243404
243326
243185
243135
242935
242831
242511
242405
242341
242274
241836
241808
241733
241552
241161
240971
240890
240789
240785
240652
240635
240533
240374
240234
240204
240170
240088
240086
240084
239840
239790
239748
239619
239473
239419
239417
239356
239290
239216
239117
239085
239068
239015
238869
238569
238358
238274
238186
237994
237977
237834
237697
237685
237524
237126
236998
236831
236709
236698
236585
236575
236500
236368
236291
236188
235727
235618
235611
235588
235570
235457
235333
235146
235140
235056
234947
234606
234489
234485
234264
234226
234025
233934
233836
233816
233561
233297
233107
233029
232976
232826
232627
232614
232595
232549
232501
232355
232302
232029
232022
232006
231915
231914
231414
231410
231076
231002
230746
230645
230624
230587
230461
230455
230439
230020
229986
229969
229395
229253
229161
229146
229062
228739
228487
228347
228317
228282
228255
228162
228096
228048
228046
228024
227841
227666
227302
227282
227267
227248
227211
227164
226994
226979
226926
226898
226372
226297
226270
226220
226218
226183
226123
226062
226056
226036
225959
225868
225684
225576
225483
225404
224870
224785
224636
224610
224558
224516
224359
224252
223901
223657
223269
223107
222962
222755
222392
222378
222257
222128
221895
221866
221700
221674
221407
221263
221197
221195
221195
221144
221139
221066
221010
220915
220650
220614
220386
220297
220124
219840
219792
219616
219582
219515
219460
219215
219176
219094
219092
219089
218996
218979
218965
218961
218755
218591
218405
218338
218148
217887
217885
217831
217632
217484
217436
217433
217242
217145
217125
217085
216656
216596
216586
216545
216490
216406
216139
215998
215953
215900
215707
215679
215672
215546
215286
215124
215046
214899
214880
214712
214554
214371
214184
214147
214103
213897
213870
213771
213599
213586
213523
213258
213249
213120
212979
212976
212967
212960
212929
212767
212633
212539
212425
212239
212226
212092
212075
212025
211989
211896
211882
211881
211778
211715
211625
211529
211479
211245
211233
211184
211122
211106
211028
210876
210828
210757
210682
210582
210536
210442
210401
210216
210072
210072
209989
209950
209871
209861
209805
209756
209450
209437
209367
209144
208882
208724
208659
208650
208642
208362
208350
208343
208267
208237
208186
208083
208067
207937
207868
207721
207703
207509
207456
207414
207244
207189
207066
207012
206923
206832
206783
206722
206722
206612
206447
206392
206343
206057
206041
205998
205972
205939
205881
205775
205698
205676
205510
205433
205422
205386
205271
205094
204948
204772
204730
204678
204614
204553
204542
204287
204184
204175
203966
203914
203891
203842
203808
203419
203302
203222
203077
202982
202906
202882
202792
202759
202747
202552
202537
202525
202499
202497
202446
202289
202057
202021
202006
201938
201937
201827
201754
201740
201672
201667
201413
201411
201394
201355
201283
200744
200707
200707
200615
200553
200530
200337
200325
200157
200084
200082
200023
199867
199717
199687
199634
199618
199315
199218
199213
199166
198992
198988
198915
198769
198664
198592
198521
198192
198071
197995
197971
197853
197827
197581
197448
197392
197264
197176
197029
196980
196898
196879
196757
196642
196637
196313
196302
196105
195878
195854
195809
195761
194965
194917
194827
194485
194383
194322
194310
194255
194201
194088
194060
193783
193679
193612
193523
193402
193382
193256
193231
193173
192993
192908
192778
192767
192709
192656
192645
192464
192399
192387
192362
192191
192169
192066
192026
191888
191755
191691
191555
190710
190471
190411
190364
190339
190297
190093
189811
189789
189578
189511
189511
189432
189353
189329
189300
189209
189103
189071
189002
188867
188827
188827
188556
188476
188445
188396
188342
188235
188219
188207
187925
187923
187835
187725
187696
187674
187558
187549
187541
187527
187379
187344
187338
187295
187270
187241
187003
186718
186704
186579
186556
186506
186415
186304
185983
185938
185912
185331
185317
185309
185271
185215
185214
185128
185074
185038
184777
184754
184741
184726
184662
184486
184375
184360
184303
184150
184069
184031
183765
183374
183157
183020
183009
182928
182878
182871
182635
182330
181947
181741
181619
181514
181445
181370
181257
181251
181229
181140
181004
180955
180810
180762
180682
180494
180489
180427
180245
180231
180112
180030
180001
179900
179816
179771
179735
179593
179567
179558
179411
179377
179333
179080
178937
178848
178693
178288
178045
177951
177913
177890
177803
177772
177767
177707
177700
177699
177616
177599
177564
177469
177391
177300
177199
177191
177166
177150
177099
177022
176977
176956
176878
176765
176440
176301
176299
176099
176070
176043
175969
175921
175807
175669
175657
175460
175266
175185
175176
175113
175113
174947
174889
174851
174678
174654
174651
174597
174581
174571
174501
174417
174373
174129
174046
174024
173859
173783
173770
173572
173564
173522
173478
173366
173276
173184
172969
172826
172748
172684
172665
172527
172335
172313
172195
172142
172120
171970
171967
171757
171561
171344
171335
171267
171128
170969
170934
170652
170638
170091
170054
169820
169793
169562
169521
169484
169273
169260
169025
168993
168975
168972
168866
168772
168765
168756
168745
168615
168576
168449
168411
168166
168149
168008
167937
167820
167780
167650
167547
167534
167533
167485
167451
167445
167404
167277
167187
166983
166903
166812
166809
166744
166710
166673
166268
166083
166069
166054
165898
165856
165769
165745
165742
165559
165552
165510
165509
165489
165308
165225
165195
165152
165087
164668
164361
164303
164282
164269
164227
164157
163915
163913
163872
163207
163125
163098
162943
162916
162899
162753
162644
162384
162213
162054
161969
161790
161667
161511
161416
161393
161312
161303
161110
161053
161007
160949
160851
160762
160743
160715
160710
160610
160370
160269
160262
160188
159966
159857
159645
159554
159472
159331
159316
159156
159134
159055
158969
158916
158651
158563
158479
158400
158199
158182
158067
157905
157881
157778
157736
157629
157614
157529
157256
157178
157030
156964
156901
156859
156730
156685
156643
156374
156246
156170
156042
156018
155941
155851
155831
155799
155797
155607
155550
155424
155376
155352
155270
154977
154784
154734
154445
154336
154287
154216
154209
154040
153906
153705
153638
153536
153472
153470
153449
153438
153416
153381
153346
153327
153326
153177
153023
152782
152593
152521
152336
152321
152095
152082
151979
151718
151656
151391
151382
151005
150938
150880
150661
150651
150488
150442
150127
149965
149922
149781
149776
149730
149661
149637
149533
149491
149458
149457
149311
149284
149268
149189
149162
149049
149047
148980
148979
148853
148828
148635
148595
148544
148517
148473
148398
148326
148249
148244
148190
147873
147708
147685
147672
147641
147527
147494
147154
147121
147087
147031
146937
146852
146795
146555
146385
146381
146182
146043
145778
145768
145720
145619
145612
145545
145530
145500
145383
145325
145205
145181
145142
145133
145002
144953
144946
144804
144782
144760
144759
144662
144610
144452
144282
144239
144226
144204
144177
144177
144144
144122
144115
144068
143821
143734
143365
143045
143044
142998
142620
142377
142372
142183
141923
141738
141733
141659
141657
141619
141367
141261
141159
141052
140918
140679
140657
140636
140534
140012
139995
139883
139818
139763
139617
139524
139401
139371
139323
139100
139067
138967
138862
138770
138722
138626
138510
138491
138370
138201
138083
138008
137895
137832
137637
137486
137477
137403
137211
137205
137181
137175
136879
136849
136708
136668
136625
136592
136520
136339
136338
136319
136258
136256
136180
136131
136079
136037
136010
135848
135824
135761
135721
135617
135558
135399
135246
135130
135048
135009
135001
134912
134873
134541
134416
134268
134170
134153
134088
133963
133829
133679
133454
133371
133246
133175
133141
133017
132873
132835
132735
132726
132525
132447
132336
132035
131983
131656
131480
131350
131346
131292
131049
130956
130935
130869
130751
130718
130502
130476
130363
130276
130153
130034
129973
129926
129918
129847
129826
129803
129618
129574
129520
129490
129453
129413
129411
129398
128869
128859
128857
128728
128713
128608
128519
128511
128194
128034
128007
127984
127937
127906
127868
127533
127517
127466
127422
127390
127263
127226
127138
127057
127034
126977
126935
126770
126684
126518
126471
126386
126008
125920
125849
125765
125364
125015
124971
124952
124721
124650
124628
124450
124406
124332
124230
124131
124116
124071
124067
123971
123968
123922
123837
123704
123576
123561
123319
123300
122812
122782
122719
122712
122672
122606
122401
122268
121942
121894
121593
121575
121566
121532
121526
121501
121239
121229
121080
120763
120600
120561
120446
120361
120330
119936
119891
119879
119733
119657
119550
119526
119411
119323
119205
119140
119069
118879
118810
118769
118386
118366
118320
118157
117908
117832
117754
117752
117603
117491
117481
117353
117085
117065
117019
116859
116828
116817
116764
116605
116285
116150
116122
116046
115873
115691
115551
115485
115438
115371
115353
115132
115077
114249
113764
113642
113397
113239
113145
113143
113072
112948
112779
112678
112650
112596
112514
112458
112432
112401
112167
112098
111752
111611
111260
111200
111144
111063
111013
110987
110885
110736
110619
110500
110491
110337
110253
110183
110118
110112
109859
109857
109732
109597
109434
109071
108881
108745
108399
108254
108177
108077
108047
108015
108008
107928
107924
107780
107762
107687
107523
107115
107059
106791
106731
106722
106707
106609
106589
106302
106245
106231
105992
105930
105863
105822
105785
105712
105684
105623
105102
105083
105021
105010
104928
104821
104735
104529
104502
104470
103877
103853
103841
103791
103778
103678
103632
103390
103328
103301
103178
103029
102999
102955
102939
102915
102808
102726
102693
102676
102645
102540
102486
102322
102142
102076
101941
101838
101660
101573
101529
101384
101369
101121
101083
100886
100833
100827
100784
100686
100597
100592
100542
100491
100489
100382
100173
99736
99660
99638
99635
99611
99597
99343
99290
99143
99091
98857
98828
98783
98762
98759
98635
98573
98445
98428
98412
98291
98169
98038
97989
97962
97959
97886
97814
97808
97795
97753
97609
97511
97505
97340
97333
97250
97043
96865
96611
96598
96562
96450
96288
96262
96176
95842
95701
95656
95445
95431
95429
95407
95296
95240
95221
95097
95005
94934
94827
94806
94733
94725
94678
94548
94428
94411
94363
94288
94202
94115
94097
93962
93706
93545
93291
92998
92841
92801
92640
92623
92582
92485
92233
92223
91878
91773
91641
91366
91323
91236
90732
90461
90264
90247
90110
89988
89964
89892
89868
89788
89758
89747
89726
89677
89481
89450
89410
89088
88883
88856
88829
88767
88673
88671
88592
88589
88562
88522
88244
88167
88157
88056
87932
87697
87672
87513
87005
86902
86829
86639
86523
86475
86409
86335
86302
86214
86121
85992
85847
85787
85678
85581
85545
85231
85215
85204
85187
85182
85136
84796
84792
84752
84750
84602
84482
84328
84325
84322
83996
83978
83957
83795
83319
83089
82854
82716
82667
82656
82655
82528
82444
82350
82167
82060
82003
81900
81842
81736
81601
81415
81314
81211
81149
81085
81047
80873
80669
80554
80357
80198
80143
79823
79788
79642
79586
79542
79446
79416
79395
79238
79181
79170
79090
78631
78529
78445
78435
78270
78208
77772
77721
77608
77574
77564
77466
77337
77325
77256
77093
77064
77035
76984
76829
76778
76718
76666
76655
76623
76603
76529
76509
76396
76342
76275
76225
76106
75617
75615
75537
75518
75474
75347
75283
75226
75087
75000
74918
74800
74797
74705
74612
74576
74499
74456
74363
74220
74042
73978
73977
73516
73503
73171
73132
73051
72858
72855
72788
72728
72693
72374
72102
71944
71767
71699
71523
71416
71394
71325
71121
70972
70890
70608
70570
70461
70419
70398
70364
70325
70186
70172
70075
69876
69832
69686
69671
69614
69535
69418
69414
69401
69350
69297
69208
69111
69107
69034
68953
68883
68780
68752
68734
68727
68609
68564
68395
68280
68257
67789
67775
67713
67708
67692
67672
67655
67546
67542
67510
67502
67476
67364
67198
67021
66967
66936
66814
66745
66725
66633
66232
66178
66171
66158
65832
65403
65271
64959
64955
64824
64653
64619
64614
64416
64369
64120
64080
64077
63885
63825
63750
63664
63625
63616
63426
63386
63341
63283
63144
63045
62937
62723
62709
62680
62667
62519
62463
62391
62386
62199
62011
62008
61652
61600
61297
61257
61180
61148
61037
60932
60756
60703
60641
60591
60098
59958
59949
59645
59642
58838
58790
58623
58448
58422
58280
58190
58182
57986
57968
57836
57647
57615
57582
57501
57471
57465
57308
57291
57232
57012
56926
56855
56768
56653
56630
56607
56464
56329
56289
56220
56133
56001
55982
55890
55584
55578
55458
55139
55095
55073
54875
54875
54736
54525
54471
54416
54404
54357
54339
54214
54184
54166
54127
54029
53989
53984
53943
53730
53654
53618
52958
52910
52894
52855
52781
52570
52568
52530
52481
52481
52409
52377
52199
52114
52056
52055
52032
51972
51922
51873
51671
51442
51372
51353
51325
51325
51249
51190
51174
51107
51008
50806
50493
50374
50373
50321
50270
50068
50036
49998
49989
49743
49108
49071
49049
48907
48886
48779
48622
48612
48592
48589
48514
48443
48403
48222
48173
48064
47933
47894
47856
47828
47575
47481
47326
47300
47173
47097
47086
47003
46878
46836
46344
46002
45784
45774
45760
45714
45643
45612
45491
45327
45218
45098
45090
45049
44999
44969
44752
44704
44629
44592
44431
44419
43971
43954
43923
43745
43443
43425
43331
43327
43298
43161
43029
43019
42953
42829
42714
42386
42370
42221
42031
41967
41936
41875
41806
41738
41603
41370
41369
41219
41200
41059
40865
40781
40727
40592
40519
40304
40274
40223
40204
40192
40184
40084
40081
40053
39912
39871
39615
39612
39578
39368
39189
39141
39049
38874
38857
38777
38100
38091
37942
37891
37808
37677
37676
37646
37616
37556
37370
37298
37168
37134
37109
37060
37017
36931
36786
36768
36750
36648
36620
36616
36612
36545
36394
36283
36065
35964
35899
35838
35778
35735
35611
35582
35357
35190
35060
34953
34693
34594
34556
34527
34524
34519
34438
34410
34344
34309
34300
34104
34057
34010
33992
33854
33755
33712
33635
33519
33509
33454
33449
33385
33218
33167
33136
33130
33001
32993
32799
32713
32702
32681
32447
32390
32341
32163
32108
32076
32045
31871
31851
31837
31775
31678
31344
31254
31225
31219
31143
31035
31022
31008
30954
30874
30768
30450
30297
30053
29635
29593
29587
29584
29490
29343
29293
29284
29223
29112
29076
29063
28806
28623
28606
28394
28177
28139
28109
28052
27914
27913
27911
27856
27531
27483
27391
27332
27247
27221
26816
26731
26682
26662
26659
26588
26307
26304
25935
25842
25790
25762
25407
25297
25121
25110
24955
24918
24822
24813
24724
24512
24481
24109
24053
23838
23825
23674
23636
23544
23454
23309
23258
23031
23018
23005
22985
22875
22782
22711
22680
22559
22515
22483
22355
22156
22044
22020
22016
21982
21721
21523
21472
21453
21343
20940
20796
20755
20714
20471
20090
19937
19653
19609
19580
19499
19245
19235
19067
19031
18933
18806
18801
18770
18603
18598
18583
18527
18391
18160
17991
17899
17797
17767
17689
17605
17581
17554
17452
17434
17424
17229
17216
17115
17110
17076
16866
16803
16461
16248
15962
15919
15904
15789
15732
15727
15711
15482
15466
15368
15196
15069
15026
14906
14730
14712
14538
14462
14400
14392
14127
14007
13908
13906
13894
13874
13847
13830
13634
13532
13478
13431
13351
13309
13148
13061
12780
12747
12686
12659
12531
12359
12345
12330
12282
12170
11763
11743
11740
11721
11261
11050
11045
10905
10900
10535
10478
10415
10282
10085
10050
10043
9935
9917
9849
9708
9706
9574
9462
9453
9203
9162
9129
9114
8997
8891
8861
8840
8823
8732
8723
8677
8655
8638
8614
8534
8202
8113
8084
7936
7761
7754
7519
7495
7486
7134
7067
7052
7012
6978
6670
6541
6536
6432
6383
6365
6293
6137
5908
5735
5659
5635
5617
5571
5412
5387
5238
5019
4954
4852
4356
4341
4234
3741
3636
3576
3381
3337
3302
3280
3240
3111
3105
3103
2856
2746
2398
2322
2287
2181
2134
2104
2041
2017
1774
1663
1553
1517
1160
994
905
748
637
604
485
440
408
224
192
131
63
37
