236
377
391
442
474
793
889
949
1099
1251
1304
1551
1644
1678
1714
1805
1829
1912
2064
2154
2357
2452
3021
3189
3242
3272
3417
3507
3543
3643
3885
3964
4065
4179
4745
4908
4997
5033
5322
5357
5469
5562
5594
5679
5729
5760
5771
5869
5916
5920
5982
6017
6056
6204
6270
6396
6610
6682
6724
6938
6973
7141
7150
7525
7575
7735
7780
8066
8137
8344
8505
8513
8543
8666
8839
8874
9133
9360
9375
9695
9732
9844
10057
10209
10282
10511
10561
10573
10640
10774
10794
10994
11058
11234
11310
11334
11417
11629
11714
11728
11890
11891
11929
11950
12002
12127
12244
12276
12293
12348
12388
12404
12455
12459
12551
12554
12705
12798
12857
12882
12898
12918
12987
13037
13313
13318
13331
13360
13543
13548
13697
13958
14205
14714
14867
14932
15101
15245
15323
15444
15471
15489
15571
15754
15814
15832
15890
15898
15943
16074
16110
16262
16276
16293
16391
16479
16644
16825
16985
17014
17029
17037
17065
17177
17192
17206
17230
17414
17655
17687
17704
17747
17806
17809
17876
17943
18041
18045
18342
18484
18518
18571
18647
18653
18693
18776
18795
18892
19014
19080
19146
19150
19311
19343
19453
19568
19672
19680
19711
19719
19763
19969
20104
20115
20316
20356
20609
20985
21035
21343
21364
21444
21682
21695
21713
21845
21933
22149
22196
22226
22326
22428
22523
22660
22665
22884
22930
22971
23101
23125
23226
23246
23250
23362
23437
23533
23680
23735
23758
23759
23830
24036
24046
24055
24061
24105
24128
24242
24250
24341
24458
24481
24537
24612
24664
24863
25055
25092
25315
25372
25380
25702
26042
26215
26274
26458
26467
26758
27076
27111
27298
27353
27622
27660
28069
28303
28306
28366
28382
28419
28600
28607
28707
28743
28837
28890
28919
28922
29000
29127
29200
29304
29389
29407
29496
29634
29658
29708
29727
29751
30265
30306
30322
30331
30376
30420
30521
30581
30664
30700
30725
30902
31395
31537
31628
31767
31851
31898
32115
32226
32230
32241
32288
32292
32318
32388
32452
32483
32576
32608
32707
32720
32723
32818
32976
32981
33146
33230
33282
33373
33590
33678
33701
33703
33879
33910
34066
34079
34269
34308
34336
34382
34436
34591
34654
34703
34754
34769
34786
34801
35229
35301
35447
35600
35642
35655
35656
35667
35803
35992
36092
36179
36228
36351
36445
36541
36727
36948
37182
37216
37305
37444
37454
37714
37745
37892
37921
37935
37944
37964
37968
38336
38523
38642
38730
38931
38942
39033
39276
39628
39645
39677
39693
39739
39827
39879
39910
39949
39984
40274
40602
40691
40724
40815
40862
41091
41154
41274
41432
41513
41666
41668
41680
41800
41910
41946
41999
42156
42316
42320
42332
42347
42350
42386
42399
42465
42678
42764
42883
42981
42981
43023
43131
43222
43227
43249
43286
43377
43393
43753
43758
43814
43947
44136
44202
44398
44473
44479
44487
44523
44641
44804
45002
45029
45164
45196
45372
45400
45424
45428
45501
45925
45963
45996
46023
46157
46188
46332
46470
46473
46507
46551
46570
46691
46904
47035
47060
47137
47144
47364
47367
47663
47718
47785
47873
47948
48037
48293
48459
48493
48528
48768
48797
48846
49201
49339
49762
49784
49907
49952
50512
50528
50531
50548
50653
50679
50759
50880
51098
51138
51145
51218
51476
51492
51576
51619
51629
51645
51838
51899
51924
52061
52205
52451
52494
52495
52506
52541
52839
52877
52922
53154
53238
53272
53353
53455
53964
53969
54024
54079
54349
54491
54494
54652
54746
54793
54822
54921
54960
55064
55073
55233
55360
55469
55535
55603
55702
55807
55941
56238
56244
56550
56559
56800
56824
57009
57164
57205
57304
57306
57647
57677
57833
57878
57880
57924
58163
58219
58244
58463
58487
58593
58593
58682
58684
58816
59000
59118
59218
59220
59244
59273
59294
59374
59398
59424
59463
59544
59563
59687
59696
59790
59832
59908
59924
60071
60111
60119
60278
60708
60776
60866
60938
60990
60994
61230
61270
61385
61436
61492
61513
61551
61562
62020
62035
62054
62081
62304
62394
62491
62580
62847
63084
63099
63281
63310
63478
63634
63645
63851
64116
64123
64234
64295
64327
64403
64545
64572
64646
64662
64842
64893
64910
64952
65295
65585
65652
65748
65892
65965
66238
66292
66302
66308
66313
66436
66448
66504
66539
66579
66855
67147
67268
67504
67835
67958
68084
68090
68137
68158
68184
68216
68281
68333
68369
68675
68738
68791
68861
68934
69051
69054
69307
69334
69369
69460
69500
69589
69599
69604
69695
69762
69878
69916
70284
70299
70528
70906
71043
71137
71651
71662
71678
72010
72170
72173
72174
72387
72396
72399
72404
72423
72514
72586
72610
72627
72713
73068
73191
73195
73235
73238
73422
73498
73572
73685
73802
73821
73894
73907
73927
73963
74092
74154
74160
74458
74607
74820
74853
74907
74982
75017
75097
75193
75475
75512
75516
75592
75734
75916
76382
76516
76732
76754
76825
76845
77008
77081
77298
77361
77394
77407
77460
77655
77672
77684
77786
77917
78021
78035
78085
78167
78592
78738
78759
78907
78945
78974
79364
79448
79491
79517
79887
80003
80081
80204
80261
80335
80400
80771
80844
80969
80978
80983
81013
81182
81497
81705
81732
81876
81885
81946
82029
82131
82281
82475
82631
82645
82786
82882
82913
83028
83290
83333
83420
83488
83488
83492
83539
83791
83867
83945
84015
84150
84235
84334
84684
84871
84888
84996
85000
85091
85110
85176
85287
85305
85547
85613
85615
85759
85821
85891
86040
86484
86655
86702
86768
86796
87042
87113
87129
87205
87358
87430
87437
87883
87900
87957
88049
88109
88206
88331
88376
88485
88529
88656
88668
88700
88855
88912
89062
89096
89294
89324
89459
89621
89684
89776
89827
89923
89955
89994
90013
90024
90265
90345
90350
90633
90733
90877
90943
90997
91372
91721
92021
92175
92207
92227
92347
92393
92412
92459
92648
92688
92696
92884
92962
93103
93173
93210
93274
93448
93588
93822
94023
94151
94160
94201
94201
94313
94420
94569
94571
94715
94912
95058
95124
95167
95299
95324
95360
95398
95472
95784
95887
95888
96039
96048
96062
96071
96086
96162
96174
96333
96372
96490
96814
96886
97066
97071
97252
97291
97314
97348
97468
97474
97563
97816
97852
97924
97938
98025
98071
98119
98611
98652
98845
98854
99146
99463
99492
99510
99529
99645
99673
99925
99989
99996
100066
100108
100205
100303
100510
100598
100689
100701
100866
100983
101010
101087
101329
101346
101369
101661
102047
102077
102095
102144
102174
102248
102649
102665
102665
102818
102835
102904
102910
102961
102967
103111
103152
103264
103268
103276
103328
103362
103366
103367
103489
103506
103550
103586
103617
103656
103698
103787
103944
103997
104085
104089
104094
104101
104125
104145
104176
104224
104297
104442
104531
104539
104798
104879
104981
105063
105109
105123
105178
105187
105215
105288
105288
105334
105560
105635
105787
106231
106294
106357
106404
106661
106776
106844
107024
107047
107083
107213
107220
107320
107358
107565
107642
107679
107744
107749
107814
107917
107954
108074
108130
108136
108208
108303
108447
108668
108746
108817
109422
109603
109622
109655
109656
109663
110097
110165
110315
110334
110411
110594
110625
110671
110688
110858
110903
110982
111080
111099
111249
111361
111570
111740
111746
111750
111820
111917
111972
111973
111978
111985
112067
112159
112270
112488
112523
112543
112765
112908
112954
112962
112975
113103
113398
113411
113577
113628
113694
114034
114053
114156
114200
114305
114380
114623
114891
114905
115093
115226
115413
115418
115619
115623
115669
115714
116023
116047
116056
116098
116220
116222
116439
116600
116686
116834
116845
116971
116987
117029
117179
117241
117292
117366
117453
117563
117722
118088
118185
118201
118426
118438
118682
118974
119135
119172
119180
119218
119257
119318
119326
119400
119501
119507
119726
119787
119878
119889
119968
120163
120231
120388
120476
120521
120574
120722
120771
120916
121031
121036
121040
121109
121430
121556
121611
121617
121705
121789
121802
121827
121906
122217
122361
122368
122383
122396
122453
122547
122578
122669
122690
122731
122874
123056
123072
123079
123107
123146
123202
123271
123312
123365
123444
123513
123666
123718
123763
123772
123790
124200
124314
124403
124406
124515
124556
124575
124580
124795
124891
125096
125336
125454
125480
125547
125746
125770
125869
125872
126035
126199
126225
126235
126530
126581
126586
126589
126599
126622
126711
126738
126821
126918
127114
127244
127257
127370
127528
127596
127706
127866
127871
127951
127958
128147
128185
128279
128309
128316
128320
128452
128525
128729
128802
128877
128930
129177
129287
129395
129509
129988
130082
130110
130230
130395
130443
130462
130475
130537
130559
130612
130828
130882
131084
131134
131206
131393
131395
131554
131608
131640
131878
131886
131945
132399
132450
132488
132504
132718
132733
132763
132785
133001
133206
133243
133247
133283
133395
133526
133723
133841
133918
133933
133944
133948
134024
134049
134068
134276
134324
134580
134664
134666
134737
134796
134800
134825
134860
134872
134891
134896
135216
135336
135369
135718
135764
135878
135900
136089
136108
136113
136140
136177
136224
136430
136513
136875
136877
136881
136885
136913
136925
136936
136970
137022
137132
137196
137528
137853
137910
137976
137988
138031
138203
138386
138456
138526
138567
138636
138676
138706
138791
138823
138833
139040
139208
139481
139485
139667
139733
139819
140105
140350
140450
140553
140695
140708
140810
141060
141171
141313
141459
141590
141592
141598
141642
142030
142158
142344
142373
142430
142543
142598
142683
142704
142744
142863
143160
143227
143637
143644
143733
143999
144024
144159
144245
144302
144432
144547
144677
144752
144864
144912
145141
145203
145260
145314
145394
145464
145895
146186
146232
146335
146350
146352
146675
146709
146936
147001
147066
147074
147084
147113
147127
147197
147352
147418
147460
147525
147587
147638
147995
148024
148084
148111
148209
148257
148307
148321
148528
148551
148568
148569
148612
148616
148629
148722
148814
148940
148949
149119
149144
149236
149289
149323
149353
149368
149554
149575
149622
149682
149875
150003
150062
150121
150188
150212
150340
150680
150721
151120
151123
151136
151260
151503
151769
151948
152044
152253
152308
152330
152390
152446
152510
152604
152947
153055
153314
153436
153619
153690
153761
153765
154057
154106
154136
154170
154582
154623
154677
154677
154718
154728
154778
154853
154877
155315
155317
155334
155407
155512
155568
155638
155909
155969
156001
156124
156470
156490
156505
156522
156644
156676
156867
156967
157043
157227
157352
157489
157755
157932
157953
157976
157977
157996
158012
158034
158062
158155
158177
158229
158283
158520
158564
158623
158751
158825
158848
158875
158913
158982
159022
159208
159326
159817
160170
160239
160324
160342
160370
160402
160404
160452
160538
160670
160730
160785
160884
160951
161028
161365
161568
161610
161793
162190
162324
162366
162604
162714
162982
163028
163043
163292
163425
163586
163666
163878
164050
164140
164464
164509
164528
164694
164946
164972
165076
165100
165314
165328
165432
165450
165549
165718
165727
165783
166040
166624
166641
166869
166981
167130
167180
167230
167238
167330
167494
167542
167596
167617
167830
167877
168017
168080
168275
168419
168421
168442
168449
168484
168651
168740
168764
168821
168974
169053
169083
169153
169184
169258
169362
169381
169422
169552
169691
169996
170106
170165
170437
170628
170639
170662
170810
170970
170977
171036
171489
171575
171628
171758
172086
172140
172207
172249
172312
172395
172462
172539
172579
172777
172783
172821
172939
172972
172988
172999
173301
173669
173736
173892
173953
174420
174521
174532
174687
174899
174926
174928
174932
175271
175304
175380
175391
175689
175698
175728
175763
175819
175868
175957
175967
175975
175977
176023
176141
176210
176304
176319
176477
176497
176561
176789
176891
176988
177013
177048
177056
177232
177300
177364
177602
177820
177926
177984
177986
178047
178166
178298
178480
178536
178649
179100
179425
179429
179495
179572
179838
179908
179950
180083
180121
180145
180160
180207
180242
180517
180619
180970
181031
181126
181135
181225
181279
181339
181486
181513
181595
181625
181680
181684
181748
181840
181886
181947
182021
182367
182388
182457
182498
182499
182528
182559
182637
182695
182701
182756
182815
182830
183125
183224
183523
183644
183711
183844
184172
184218
184394
184467
184489
184500
184537
184593
184736
184787
184813
184907
184931
184947
184961
185065
185121
185307
185346
185351
185379
185454
185499
185586
185592
185635
185722
185829
185845
185877
186037
186062
186226
186327
186349
186381
186437
186475
186497
186631
186713
186748
186826
186971
187014
187151
187185
187248
187486
187595
187796
188221
188242
188244
188271
188543
188545
188605
188676
188682
188981
189028
189040
189101
189135
189314
189380
189470
189520
189575
189579
189663
189680
189689
189852
189930
190371
190408
190490
190781
190838
190865
191002
191007
191084
191187
191192
191206
191230
191334
191355
191372
191408
191487
191762
191849
192010
192137
192176
192208
192274
192322
192401
192440
192445
192589
192657
192723
192945
192962
193064
193129
193211
193253
193263
193399
193625
193626
193646
193690
193834
193900
193961
194124
194246
194315
194393
194411
194531
194883
194969
194972
195150
195156
195437
195474
195551
195587
195758
195817
195860
195951
196034
196051
196076
196136
196138
196221
196228
196274
196281
196306
196418
196527
196663
196670
196714
196742
196743
196861
197247
197273
197320
197385
197421
197658
197700
197719
197819
197928
197936
197951
198312
198390
198454
198555
198602
198611
198670
198751
198865
199013
199031
199039
199572
199710
199718
199852
199856
200127
200216
200255
200482
200503
200738
200752
200761
200770
200839
200961
201344
201363
201366
201614
201674
201719
201946
201964
202172
202262
202264
202312
202459
202509
202591
202679
202760
202766
203000
203035
203138
203189
203207
203239
203281
203294
203462
203465
203587
203606
203663
203668
203684
203708
203828
204177
204258
204521
204687
204700
204947
205363
205390
205471
205552
205655
205984
206050
206126
206154
206230
206293
206327
206328
206682
206686
206690
206704
206842
206965
207181
207233
207261
207299
207330
207389
207443
207478
207642
207768
207805
207945
207960
208004
208121
208147
208248
208419
208430
208574
208704
208718
208957
209159
209270
209535
209750
209752
209801
209919
210045
210113
210154
210268
210290
210333
210355
210362
210573
210597
210624
210684
210709
210756
210885
210962
210981
210984
210988
211112
211133
211268
211325
211798
212097
212131
212291
212352
212481
212512
212620
212748
212862
212933
212961
212989
213048
213194
213283
213358
213363
213497
213552
213595
214365
214571
214645
214691
214720
214794
214813
214854
214884
214909
215010
215070
215080
215105
215195
215247
215407
215477
215505
215513
215614
215652
215796
215880
215933
216360
216407
216409
216440
216452
216479
216749
216791
216868
216888
216931
217033
217096
217257
217405
217536
217656
217685
217756
217843
218101
218222
218356
218436
218493
218768
218886
218945
219209
219285
219313
219352
219509
219524
219908
219942
220192
220311
220386
220432
220517
220636
220639
220762
220790
221004
221021
221203
221282
221286
221404
221577
221587
221646
221832
221902
222013
222189
222225
222259
222369
222444
222716
222845
223367
223430
223517
223598
223785
223820
223884
223983
224053
224216
224289
224297
224615
224739
224788
224854
225057
225139
225220
225422
225430
225475
225509
225551
225592
225742
225832
226074
226098
226323
226397
226557
226705
226878
227287
227574
227732
227855
227885
228070
228094
228110
228261
228353
228369
228597
228608
228613
228623
228637
228755
228819
228830
229059
229082
229186
229355
229440
229452
229478
229751
229779
229880
230111
230321
230457
230689
230718
230719
230818
230999
231055
231218
231259
231322
231383
231579
231635
231717
231750
231756
231769
231789
231853
231941
231961
232418
232536
232722
232742
232957
233094
233421
233526
233693
233821
233910
234043
234082
234231
234324
234328
234404
234410
234429
234548
234575
234620
234739
234813
235005
235040
235340
235541
235661
235768
235792
235941
236004
236022
236038
236185
236229
236435
236492
236682
236713
236840
236895
237051
237240
237492
237575
237785
238404
238711
238879
239044
239047
239060
239113
239160
239186
239213
239501
239628
239722
239876
239941
239999
240183
240415
240618
240764
240770
240805
240987
241229
241314
241430
241441
241489
241520
241521
241610
241720
241777
241817
241928
242005
242243
242327
242329
242335
242372
242433
242464
242638
242654
242657
242762
242951
243116
243196
243214
243360
243377
243441
243633
243637
243825
244069
244202
244240
244533
244586
244769
245023
245089
245118
245171
245176
245202
245295
245374
245400
245419
245572
245628
245641
245680
245681
245702
245717
245856
245863
246330
246361
246378
246498
246633
246750
246940
246997
247037
247138
247138
247278
247318
247432
247625
247642
247661
247666
247753
247808
247854
247951
247966
247967
248200
248289
248294
248347
248379
248382
248635
248759
248768
248794
248909
249021
249308
249355
249549
249621
249631
249631
249637
249653
249811
249848
249917
250063
250068
250079
250097
250115
250461
250559
250730
250742
250752
250781
250788
250820
250857
250964
251125
251187
251419
251461
251627
251757
251934
252103
252120
252170
252180
252236
252282
252297
252411
252593
252798
252851
252982
253044
253089
253228
253252
253277
253294
253331
253370
253423
253435
253461
253471
253633
253639
253796
253868
253935
254041
254123
254145
254280
254615
254621
254642
254781
254970
255023
255343
255411
255518
255537
255861
255886
256213
256230
256240
256279
256435
256460
256486
256785
256820
256895
257161
257220
257251
257271
257421
257590
257648
257673
257714
257723
257812
257943
258007
258108
258152
258306
258396
258653
258658
258678
259021
259082
259233
259447
259779
259783
259794
259874
259984
259992
260011
260136
260169
260253
260256
260298
260480
260494
260509
260769
260902
260993
261445
261799
261996
261999
262212
262299
262304
262533
262627
262866
262883
262893
263021
263157
263232
263302
263585
263587
263613
263654
263654
263686
264114
264115
264360
264415
264486
264579
264657
264735
264888
265004
265070
265098
265129
265141
265194
265278
265851
265982
266071
266232
266283
266313
266378
266597
266702
266711
266905
266944
266989
267209
267379
267427
267487
267592
267732
267898
267977
267978
267979
268058
268068
268308
268442
268522
268574
268599
268653
268906
269068
269255
269280
269381
269554
269648
269718
269810
270215
270458
270531
270545
270653
270708
270720
270795
270914
270931
271150
271535
271631
271748
271835
271924
272046
272083
272152
272178
272226
272290
272348
272405
272454
272491
272507
272616
272704
272799
272958
273039
273262
273404
273429
273500
273786
273852
273946
274122
274167
274270
274298
274358
274525
274567
274624
274727
274845
274901
274945
274958
275015
275133
275275
275411
275443
275514
275768
275864
276032
276194
276274
276282
276397
276566
276708
276829
276855
277027
277496
277581
277608
278087
278227
278302
278352
278621
278697
278821
278934
279069
279155
279227
279627
279651
279727
280347
280505
280528
280620
280700
280700
280741
280842
280900
280921
281054
281095
281135
281144
281151
281155
281164
281312
281483
281499
281643
281803
281914
281969
282001
282016
282163
282253
282471
282476
282594
282698
282758
282811
283139
283176
283217
283336
283342
283440
283464
283508
283517
283582
283687
283694
283711
283720
283745
283967
283968
284007
284064
284198
284351
284368
284463
284503
284521
284552
284632
284673
284815
285175
285254
285392
285500
285507
285528
285551
285624
285799
285932
285965
286069
286140
286166
286226
286232
286456
286576
286676
286721
286898
286964
286990
287083
287140
287315
287387
287394
287412
287480
287513
287551
287763
287791
287822
287822
287869
288139
288142
288231
288455
288468
288520
288767
288799
288825
289351
289472
289720
289802
289820
289834
290146
290163
290312
290400
290578
290740
290782
290998
291078
291098
291290
291312
291579
291622
291854
291902
291990
292138
292215
292410
292466
292569
292680
292914
293055
293327
293671
293886
293889
293980
294052
294106
294427
294475
294763
294825
295014
295034
295266
295383
295546
295670
295988
296189
296274
296276
296410
296455
296469
296502
296876
296896
296948
297080
297126
297161
297176
297186
297339
297357
297390
297767
297823
297840
297962
298073
298093
298187
298296
298298
298364
298473
298509
298811
298875
299000
299006
299038
299138
299159
299223
299289
299414
299475
299665
299717
299899
300000
300011
300023
300056
300097
300115
300173
300193
300265
300342
300469
300568
300862
300890
300941
300997
300998
301020
301027
301322
301343
301595
301626
301638
302094
302103
302110
302159
302251
302268
302303
302560
302701
302834
302903
303003
303411
303416
303443
303460
303523
303552
303630
303706
303758
304024
304392
304421
304485
304569
304783
304822
304884
304885
304906
304970
305081
305137
305298
305463
305465
305493
305734
305747
305753
305913
305947
306024
306036
306037
306137
306207
306358
306368
306390
306578
306579
306628
306652
306833
306859
306902
306904
306963
307204
307307
307334
307362
307640
307845
307863
307883
307884
307887
307929
308055
308293
308390
308640
308683
308700
308712
308718
308826
309268
309436
309447
309857
309953
309977
310042
310214
310284
310298
310455
310526
310527
310814
310843
310946
311073
311106
311163
311385
311429
311509
311668
311671
311801
311813
311823
311869
311991
312030
312209
312237
312263
312272
312286
312467
312478
312504
312576
312633
312754
312784
312996
313016
313104
313121
313204
313249
313284
313305
313306
313338
313349
313637
313830
314097
314193
314427
314456
314537
314579
314628
314660
314686
314708
314817
314833
314864
315056
315127
315159
316475
316549
316564
316595
316623
316648
316765
317031
317052
317107
317220
317273
317330
317503
317536
317628
317650
317815
317903
317906
317995
318017
318054
318097
318425
318624
318725
318800
318808
318809
318847
318992
319098
319360
319364
319459
319558
319601
319655
319914
320012
320043
320079
320111
320161
320349
320553
320585
320592
320604
320716
320747
320809
320828
320935
321170
321435
321484
321492
321702
321724
321743
321892
321941
322128
322180
322248
322386
322607
322917
322985
323011
323319
323509
323692
323697
323705
323806
323903
323921
323992
324129
324157
324159
324178
324209
324273
324416
324523
324629
324752
324839
324852
324856
324946
324984
325163
325166
325452
325499
325688
325706
325861
325931
325984
326041
326227
326333
326352
326360
326484
326618
326657
326785
326866
326896
326903
326912
326966
327003
327052
327127
327140
327144
327196
327225
327235
327338
327361
327429
327508
327529
327533
327703
327957
327975
328075
328096
328100
328223
328263
328293
328359
328366
328400
328480
328733
328926
328998
329072
329251
329358
329381
329492
329507
329536
329563
329645
329660
329680
329860
330471
330668
330795
330852
330889
330945
330962
330993
331224
331503
331699
331850
331918
331998
332098
332121
332139
332258
332473
332505
332588
332589
332634
332645
332748
333060
333187
333187
333255
333268
333313
333368
333392
333396
333543
333648
333916
334164
334193
334196
334239
334457
334536
334552
334788
334804
335134
335249
335360
335405
335517
335598
335826
335971
336141
336236
336400
336494
336767
336774
336908
337014
337137
337176
337215
337292
337455
337466
337518
337718
337756
337856
337859
337964
337996
338211
338240
338634
338733
338903
339295
339334
339360
339428
339437
339698
339739
339810
339819
339923
339941
339972
340293
340463
340619
340664
340851
340932
340967
341252
341370
341475
341514
341558
341600
342078
342138
342153
342163
342217
342336
342509
342545
342679
342812
342868
342980
343063
343493
343503
343510
343581
343739
343834
343855
343992
344080
344086
344169
344169
344227
344303
344372
344552
344576
344708
344719
344823
344894
345093
345117
345381
345382
345395
345457
345506
345541
345629
345781
345805
345900
345942
345965
346247
346284
346504
346600
346759
346887
346925
347115
347189
347202
347338
347914
348256
348349
348365
348462
348481
348491
348502
348673
348739
348847
348942
349079
349104
349149
349287
349444
349455
349477
349525
349552
349575
349608
349714
349770
349820
349844
349926
349966
349971
350012
350131
350172
350218
350256
350303
350349
350672
350745
350875
351133
351235
351326
351454
351524
351553
351801
352033
352074
352198
352349
352363
352374
352573
352902
352924
353039
353091
353119
353242
353477
353486
353509
353583
353611
353613
353640
353792
354195
354294
354328
354553
354704
354795
354968
355341
355351
355402
355504
355567
355598
355622
355818
355834
355906
356021
356132
356146
356380
356456
356544
356637
356743
356816
356864
357003
357008
357073
357101
357237
357424
357762
357765
357827
357880
357904
358029
358041
358047
358139
358226
358270
358324
358387
358770
358844
358865
358891
358936
359067
359094
359214
359324
359326
359680
359820
359904
360020
360182
360301
360326
360361
360391
360392
360420
360563
360779
361102
361119
361167
361252
361382
361424
361525
361570
361749
361861
361941
361986
362155
362181
362287
362411
362601
362671
362883
363131
363240
363307
363308
363323
363729
364034
364093
364152
364234
364398
364519
364772
364806
364897
365032
365199
365394
365672
365858
365940
366120
366281
366287
366469
366542
366543
366552
366645
366649
366769
366839
366979
367078
367242
367313
367349
367424
367540
367956
368031
368079
368204
368242
368265
368321
368418
368425
368445
368470
368507
368601
368928
369051
369237
369349
369352
369360
369362
369398
369425
369431
369729
369775
369991
370189
370212
370273
370306
370410
370449
370571
370604
370698
370727
370826
370920
370926
370979
371002
371099
371125
371223
371429
371457
371528
371529
371661
371675
371822
371935
371947
371978
372006
372137
372267
372427
372477
372527
372645
372775
372827
372853
372858
372872
372908
372969
373218
373226
373527
373569
373613
373792
373796
373811
373870
373882
374008
374077
374105
374145
374194
374235
374353
374474
374670
374766
374835
374861
375242
375294
375304
375376
375427
375595
375604
375706
375778
375778
375780
375839
375866
376029
376033
376089
376219
376230
376310
376503
376630
376659
376851
376967
377301
377309
377434
377473
377557
377630
377636
377692
377727
378186
378306
378366
378407
378410
378556
378816
378886
379250
379298
379355
379421
379503
379694
379728
379874
379935
380019
380128
380174
380411
380625
380723
380827
381026
381246
381328
381521
381534
381637
381691
381755
381780
381829
381830
381866
381878
381980
382119
382147
382230
382303
382413
382436
382439
382671
382781
382798
382841
382863
382918
383052
383231
383248
383366
383468
383591
383651
383735
383844
383950
384077
384405
384476
384575
384661
384664
384693
384801
384803
384974
385068
385204
385216
385244
385424
385483
385515
385607
385787
385800
386002
386135
386163
386308
386402
386444
386457
386462
386490
386535
386543
386607
386808
386838
386894
387323
387420
387442
387573
387593
387622
387708
387884
388100
388136
388277
388591
388611
388619
388681
388698
388723
388911
388956
389105
389121
389206
389337
389401
389762
389934
390060
390061
390177
390189
390405
390572
390785
390811
390849
391000
391096
391115
391163
391208
391522
391618
391850
391888
391916
391984
392202
392224
392294
392749
392844
393049
393051
393063
393077
393099
393137
393178
393245
393490
393554
393636
393769
393785
394038
394110
394130
394728
394873
394875
394982
395029
395038
395091
395299
395363
395384
395443
395518
395550
395588
395620
395672
396022
396058
396573
396716
396817
396967
397054
397070
397080
397098
397106
397109
397168
397201
397271
397479
397493
397850
397950
398082
398205
398279
398305
398403
398531
398598
398612
398674
398848
398849
398899
398987
399056
399230
399764
399794
399797
399845
399873
399900
399930
399983
400089
400171
400207
400216
400342
400443
400472
400562
400825
400873
401139
401216
401219
401361
401814
401885
401912
401939
402034
402164
402315
402681
402684
402695
402824
402845
402851
402853
403002
403056
403153
403376
403410
403545
403780
403804
403993
404039
404049
404110
404247
404255
404470
404472
404543
404561
404579
404612
404628
404737
404746
404905
404964
404984
405059
405378
405382
405385
405389
405742
405810
405836
405864
405867
406158
406180
406374
406384
406434
406490
406538
406702
406867
406997
407087
407200
407285
407368
407406
407433
407478
407594
407625
407751
407812
408135
408241
408394
408472
408544
408546
408941
409029
409183
409251
409266
409365
409595
409798
409856
410135
410144
410299
410365
410681
410753
410876
410883
410934
411098
411255
411262
411595
411788
411883
412118
412159
412214
412219
412276
412322
412537
412588
412590
412623
412733
412803
412858
412972
413199
413217
413221
413248
413296
413325
413560
413569
413808
413833
413904
413973
414084
414088
414193
414497
414566
414568
414580
414867
415316
415397
415523
415552
415688
415720
415823
415916
415920
415928
415930
416004
416266
416295
416452
416587
416629
416886
417074
417183
417200
417467
417492
417577
417659
417732
417806
417971
418034
418100
418160
418340
418437
418459
418520
418569
418573
418598
418639
418657
418746
418956
419094
419103
419136
419170
419199
419508
419566
419570
419641
419684
419752
420080
420294
420311
420535
420603
420605
420736
420960
421036
421253
421389
421652
421797
421925
421985
422073
422148
423276
423327
423430
423604
423773
423871
423871
423891
423937
423963
424097
424265
424300
424405
424759
424824
424905
424920
425183
425267
425373
425403
425667
425694
425709
425717
425724
425869
425914
426026
426046
426146
426224
426386
426637
426704
426717
426756
426822
427100
427103
427146
427160
427385
427406
427506
427516
427550
427665
427675
427791
427811
427872
427894
427942
427978
427986
428010
428078
428198
428318
428325
428699
428734
428931
428997
429002
429083
429114
429228
429273
429296
429361
429374
429387
429587
429591
429872
429934
430010
430044
430094
430156
430160
430317
430327
430348
430373
430460
430543
430778
430824
430908
431049
431222
431230
431366
431384
431579
431618
431645
431679
431687
431823
431873
431903
431907
432003
432062
432084
432124
432127
432170
432189
432221
432280
432330
432471
432495
432523
432601
432758
433254
433344
433411
433477
433618
433669
433787
433814
433894
433991
434244
434432
434647
434834
434948
435069
435075
435163
435196
435210
435281
435374
435419
435507
435588
435623
436159
436362
436369
436409
436431
436442
436461
436527
436579
436716
436730
436771
437091
437227
437247
437286
437682
437802
437852
437918
437921
437955
437957
438043
438102
438108
438294
438296
438332
438467
438479
438497
438571
438626
438753
438892
438906
439125
439170
439178
439313
439413
439460
439547
439617
439761
439829
439834
439849
440022
440151
440207
440308
440360
440512
440535
440536
440811
441196
441198
441334
441344
441361
441400
441452
441543
441759
441777
441799
441803
441916
442041
442073
442105
442114
442190
442422
442443
442507
442865
442901
442922
443434
443435
443533
443731
443738
443868
443982
444069
444231
444331
444345
444415
444484
444658
444754
444800
444877
444952
445106
445229
445351
445590
445641
445985
446089
446194
446568
446573
446667
446699
446969
447142
447214
447327
448049
448081
448100
448160
448164
448251
448329
448367
448470
448498
448544
448662
448936
448996
449059
449150
449279
449282
449283
449545
449555
449598
449603
449618
449641
449711
449712
449787
449800
449831
449880
449960
449970
450005
450025
450036
450075
450075
450177
450323
450813
450847
450871
450885
450994
451313
451329
451385
451399
451417
451450
451583
451611
451673
451744
451765
451776
451807
451997
452383
452509
452521
452672
452997
453092
453207
453272
453325
453347
453894
453921
453948
454151
454217
454329
454462
454507
454551
454606
454855
454877
455187
455251
455355
455389
455413
455733
455759
456018
456037
456062
456164
456210
456228
456334
456540
456594
456857
456889
456924
456950
457016
457029
457131
457197
457251
457471
457495
457557
457686
457770
457771
457774
458169
458437
458505
458642
458855
458932
459117
459134
459138
459290
459810
460133
460226
460237
460303
460455
460459
460818
460937
461148
461215
461519
461532
461629
461778
462029
462068
462182
462211
462286
462442
462580
462706
462866
462938
462974
463009
463051
463868
464157
464347
464347
464410
464434
464567
464610
464699
464708
464772
464880
464911
465061
465205
465273
465294
465310
465343
465350
465475
465575
465592
465709
465721
465908
466112
466186
466206
466351
466434
466464
466567
466631
466787
466808
466863
466952
467094
467182
467220
467254
467431
467440
467452
467466
467521
467548
467561
467599
467702
467705
467871
467951
468008
468029
468067
468074
468213
468271
468350
468365
468372
468483
468796
469163
469199
469690
469730
469742
469814
469964
469992
470100
470200
470238
470315
470365
470445
470656
470791
471175
471205
471275
471572
471625
471684
471693
471752
471892
471925
471926
471999
472068
472131
472179
472273
472568
472648
472729
472750
473008
473131
473139
473165
473225
473592
473802
473949
473968
474087
474147
474192
474352
474355
474376
474457
474503
474508
474679
474695
474708
474837
474913
474977
475164
475210
475439
475508
475555
475595
475695
475857
475898
475959
475962
476196
476333
476436
476573
476725
476939
476977
477169
477281
477326
477455
477785
477873
477955
478287
478289
478407
478409
478442
478592
478612
478773
479223
479239
479276
479328
479338
479447
479480
479637
479696
479884
480023
480054
480215
480358
480365
480520
480557
480637
480758
480785
480929
481061
481294
481362
481400
481419
481655
481739
481758
482270
483011
483054
483091
483102
483159
483162
483185
483492
483514
483665
483778
483812
483827
483827
483869
483964
484018
484020
484032
484301
484316
484472
484618
484703
484736
484852
484862
484984
484986
485115
485150
485173
485265
485299
485430
485497
485661
485768
485771
485829
486101
486154
486174
486290
486301
486316
486357
486484
486587
486610
487001
487066
487125
487130
487135
487209
487225
487247
487266
487428
487739
488093
488250
488440
488506
488580
488653
488738
488795
488839
488957
488975
489005
489083
489120
489253
489259
489278
489290
489426
489760
489827
489901
490053
490088
490111
490159
490514
490559
490792
490911
490958
490969
491087
491312
491350
491374
491588
491673
491700
491792
491823
491898
491932
492320
492340
492367
492482
492621
492650
492854
493027
493036
493083
493253
493343
493551
493680
493807
493882
493985
494016
494161
494201
494262
494385
494452
494477
494844
494925
494932
494949
495001
495173
495203
495283
495403
495435
495484
495554
495627
495660
495855
495921
496166
496211
496296
496360
496657
496953
496983
497260
497297
497316
497365
497453
497582
497644
497689
497965
498019
498056
498074
498144
498307
498313
498416
498446
498497
498556
498581
498661
498710
498769
498911
499041
499157
499182
499199
499214
499336
499811
499831
499993
500003
500030
500129
500166
500237
500256
500338
500354
500417
500542
500594
500704
500848
500978
501009
501031
501131
501232
501244
501262
501383
501425
501485
501541
501638
501830
501896
501909
501946
501970
502131
502157
502186
502187
502348
502446
502472
502555
502646
502649
502674
502691
502879
503151
503165
503402
503409
503425
503646
503654
503696
503729
503842
503923
503961
504039
504150
504272
504368
504559
504735
504898
504913
504940
505097
505168
505247
505257
505276
505338
505351
505405
505456
505488
505511
505624
505651
505871
506127
506169
506204
506342
506486
506490
506619
506657
506719
506741
506741
506759
506896
506907
506992
507333
507411
507742
507912
507997
508054
508073
508553
508707
509039
509427
509489
509545
509559
509716
509718
509792
509846
509862
510000
510022
510114
510218
510363
510442
510499
510716
510742
510860
510958
511510
511532
511570
511673
511698
511715
512152
512378
512417
512444
512515
512578
512585
512694
512696
512796
512842
512897
512922
512939
513137
513226
513239
513300
513439
513574
513643
513648
513755
513949
514013
514134
514193
514330
514648
514676
514748
514842
514906
514962
515018
515042
515064
515175
515236
515334
515398
515461
515515
515538
515550
515738
515853
515976
516322
516392
516468
516500
516685
516746
516840
516924
516964
517224
517514
517645
517779
517788
518041
518069
518137
518301
518410
518490
518536
518598
518639
518649
518739
518805
518993
519247
519337
519397
519494
519508
519772
519840
519856
519947
519950
520278
520283
520288
520421
520438
520592
520812
520830
520831
520873
521009
521057
521099
521284
521391
521413
521437
521879
522025
522167
522181
522290
522310
522651
522783
522815
523123
523132
523139
523200
523245
523673
523821
524080
524163
524179
524202
524232
524300
524305
524379
524626
524894
524919
525103
525118
525167
525199
525230
525248
525248
525323
525485
525570
525576
525622
525629
525773
525816
525991
526187
526261
526347
526690
526893
526936
526969
527008
527078
527083
527226
527312
527584
527617
527667
527673
527746
527901
527903
527913
527985
528039
528128
528190
528231
528295
528346
528361
528493
528632
529016
529047
529120
529146
529340
529586
529662
530084
530234
530267
530455
530474
530491
530684
530742
530885
531069
531188
531443
531600
531714
531718
531727
531821
531849
531886
531950
532036
532274
532420
532590
532802
532929
532937
533136
533266
533282
533287
533531
533789
533795
533835
534004
534068
534116
534282
534313
534319
534328
534356
534376
534504
534514
534515
534523
534533
534565
534802
534910
534931
535189
535309
535330
535380
535387
535529
535626
535782
535925
535946
536107
536303
536314
536376
536461
536490
536501
536807
536815
536897
537043
537067
537276
537442
537553
537555
537615
537763
537814
537983
538020
538088
538192
538242
538279
538308
538466
538486
538550
538627
538786
538950
538960
539027
539086
539146
539198
539203
539375
539397
539449
539480
539654
539819
539857
539915
540096
540255
540542
540596
540700
540758
540812
540922
540941
540965
541031
541081
541142
541167
541303
541360
541401
541802
541822
541977
542360
542636
542638
542660
542782
542811
542970
543183
543403
543517
543604
543814
544034
544065
544078
544113
544219
544539
544565
544826
544872
544925
545008
545016
545078
545131
545154
545518
545606
545680
545778
545871
546009
546036
546054
546129
546154
546179
546387
546632
546678
546683
546880
546904
547001
547161
547239
547265
547734
547800
547830
548110
548120
548441
548452
548466
548485
548541
548574
548679
548766
548894
548983
549015
549070
549238
549274
549296
549454
549477
549573
549808
549910
549928
550015
550173
550231
550393
550414
550433
550591
550691
550811
550918
551018
551108
551131
551371
551377
551607
551717
551788
551811
552138
552169
552304
552894
552913
552932
552971
553147
553155
553265
553319
553335
553371
553385
553753
553860
553902
553969
554193
554354
554439
554674
554728
554917
555022
555148
555235
555264
555617
555696
555710
555832
555895
555901
555919
555926
555975
556141
556150
556193
556228
556265
556531
556607
556704
556730
556850
557015
557238
557297
557357
557370
557415
557422
557445
557531
557574
557596
557660
557684
557865
557977
558224
558386
558480
558522
558533
558561
558569
558627
558733
558987
559063
559336
559431
559443
559502
559734
559780
559783
559874
559905
560164
560251
560258
560455
560598
560720
560823
560838
560949
560962
561146
561169
561394
561501
561531
561569
561653
561730
561735
561931
562048
562056
562202
562438
562531
562545
562752
563000
563041
563220
563224
563251
563252
563307
563320
563320
563454
563475
563487
563503
563509
563552
563582
563710
563798
563850
563860
563964
564036
564036
564175
564337
564532
564569
564743
564991
565082
565179
565205
565273
565303
565325
565330
565430
565462
565476
565551
565720
565722
565772
565788
565806
565838
565986
566100
566178
566236
566245
566272
566464
566579
566648
566799
566838
566957
566985
567158
567240
567250
567351
567409
567657
567872
567944
568086
568296
568410
568533
568573
568651
568672
568730
568751
568801
569164
569166
569251
569258
569627
569835
569841
569850
570003
570150
570152
570171
570521
570563
570637
570682
570743
570939
570961
570969
571042
571109
571172
571402
571624
571710
571799
572039
572103
572148
572201
572270
572380
572399
572532
572561
572660
572664
573144
573395
573459
573474
573475
573703
574111
574125
574155
574246
574269
574287
574664
574862
575043
575177
575501
575572
575745
575890
575896
576082
576181
576391
576434
577002
577011
577118
577120
577127
577469
577506
577519
577603
577791
577978
578018
578079
578172
578245
578269
578326
578617
578628
578700
578700
578860
578970
579043
579401
579425
579476
579543
579796
579874
579979
580132
580216
580250
580499
580503
580530
580547
580559
580705
580735
580781
580875
580900
580959
581415
581443
581448
581543
581556
581560
581599
581601
581930
581933
582036
582046
582101
582107
582170
582218
582289
582357
582370
582382
582465
582652
583127
583128
583202
583314
583443
583518
583752
583792
583894
584004
584248
584672
584815
584850
584937
585063
585138
585216
585252
585430
585529
585563
585568
585677
585702
585717
585725
585752
585762
585873
585961
586043
586265
586352
586372
586378
586476
586569
586586
586722
586780
586809
586840
586881
587035
587347
587383
587395
587579
587589
587684
587718
587726
588021
588172
588314
588354
588514
588549
588673
588679
588733
589061
589238
589358
589564
589665
589750
589901
589921
590182
590189
590213
590364
590384
590488
590586
590588
590681
590708
590773
590798
591024
591037
591043
591060
591091
591197
591273
591355
591429
591561
591602
591758
591934
591939
591972
592220
592341
592405
592532
592580
592644
592751
592801
592846
592883
593138
593667
593668
593702
593711
593714
593754
593818
593972
593993
594011
594060
594064
594175
594424
594458
594466
594662
595023
595033
595226
595389
595536
595554
595703
595706
595721
595848
595967
596046
596127
596202
596263
596296
596412
596442
596467
596662
597044
597232
597442
597653
597789
597799
597848
597978
598071
598191
598324
598335
598356
598499
598515
598587
598778
598872
599080
599505
599573
599698
599845
600179
600386
600400
600456
600667
600711
600767
600998
601041
601159
601217
601227
601242
601277
601300
601415
601487
601677
601695
601729
601818
601970
602096
602133
602200
602417
602523
602955
603186
603202
603328
603529
603594
603762
603942
604028
604087
604183
604230
604237
604310
604337
604447
604520
604532
604553
604627
605332
605374
605412
605616
605630
605637
605661
605837
606026
606091
606098
606395
606400
606556
606682
606742
606872
606899
606913
607063
607103
607291
607339
607348
607941
607973
608020
608425
608542
608564
608679
608680
608738
608810
609296
609367
609407
609412
609417
609506
609538
609570
609693
609713
609746
609807
609920
609934
610128
610193
610322
610381
610447
610450
610710
610797
610931
611151
611230
611320
611703
611842
611938
611975
612006
612008
612118
612124
612131
612613
612681
612756
612840
612906
612948
613024
613090
613293
613453
613608
613626
613692
613760
613760
613919
613943
614048
614149
614187
614282
614353
614380
614389
614407
614667
614698
614846
614891
614896
614928
614975
615083
615379
615539
615636
615644
615659
615697
615902
616123
616162
616214
616350
616383
616555
616721
616733
616750
616887
617125
617186
617216
617254
617472
617486
617520
617579
617598
617727
617766
618335
618402
618558
618568
618627
618642
618771
618888
618935
619067
619352
619355
619486
619621
619715
619757
619814
619901
619990
620032
620087
620366
620509
620566
620786
620808
620845
620959
621043
621091
621118
621268
621415
621442
621807
621851
621895
621971
622085
622132
622272
622302
622314
622538
622706
622709
622752
622792
622852
622897
622940
623048
623325
623338
623394
623418
623441
623568
623793
623843
623865
623873
623907
623954
623966
623970
623984
624086
624211
624438
624468
624505
624855
624957
624976
625266
625323
625333
625395
625550
625568
625811
625895
626010
626149
626253
626274
626476
626587
626726
626765
626850
626857
626900
627147
627382
627433
627682
627713
627763
627790
627839
627910
627958
627959
628131
628252
628278
628304
628603
628897
628993
629001
629143
629449
629459
629512
629674
629756
629845
629874
629894
630288
630303
630444
630445
630476
630582
630684
630768
630820
631112
631140
631301
631434
631437
631469
631509
631569
631884
631906
632020
632068
632074
632137
632148
632366
632380
632390
632427
632439
632551
632584
632598
632944
633157
633173
633368
633477
633544
633604
633619
633681
633903
633993
634226
634237
634240
634421
634575
634595
634635
634749
634850
634940
635117
635200
635263
635500
635624
635654
635813
635828
635893
636036
636073
636132
636226
636319
636431
636491
636531
636663
636919
636973
637062
637249
637276
637391
637553
637829
637844
637849
637899
637910
638040
638342
638342
638370
638411
639031
639083
639113
639251
639255
639286
639385
640011
640018
640229
640252
640575
640624
640824
640985
641042
641289
641298
641318
641370
641429
641533
641640
641885
641948
642259
642373
642396
642433
642443
642468
642720
643211
643327
643467
643693
643846
644032
644115
644125
644234
644355
644542
644649
644653
644997
645039
645091
645149
645188
645315
645329
645347
645429
645539
645566
645655
645756
646146
646185
646364
646700
646814
646880
646912
646919
646956
647151
647195
647220
647306
647310
647323
647549
647693
647746
647922
647931
647975
647996
648033
648139
648185
648562
648572
648843
648853
648869
648880
648944
649252
649310
649429
649490
649574
649593
649698
649803
649941
649968
649974
650046
650167
650177
650348
650590
650651
650744
650792
650793
650948
650949
650997
650999
651067
651360
651361
651625
651691
651743
651990
652000
652038
652215
652254
652445
652578
652794
653079
653133
653259
653293
653383
653438
653494
653502
653622
653622
653945
653979
654031
654141
654319
654321
654402
654572
654656
654869
655035
655084
655256
655511
655619
655684
655931
656089
656353
656359
656417
656499
656628
656633
656639
656683
656686
656705
656817
656841
656843
656972
657038
657375
657503
657573
657599
657629
657765
657917
657958
657966
658035
658170
658207
658313
658522
658594
658641
658738
658871
658885
658900
659109
659119
659192
659250
659359
659393
659461
659627
659730
659929
659949
660185
660226
660419
660524
660559
660830
660943
661019
661176
661188
661197
661396
661427
661459
661599
662032
662146
662164
662290
662447
662472
662648
662720
662757
662971
663074
663099
663125
663140
663212
663402
663479
663549
663597
663692
663770
663800
663896
663918
663938
664023
664052
664134
664150
664347
664783
664799
664848
664944
664977
665323
665344
665533
665537
665663
665788
665830
666033
666074
666337
666344
666374
666376
666497
666795
666796
666806
666835
666839
666905
667139
667269
667398
667424
667603
667677
668246
668353
668427
668633
668784
668812
668948
668962
669195
669263
669267
669335
669376
669523
669742
669851
670078
670119
670217
670225
670245
670366
670415
670568
670596
670627
670991
671265
671354
671354
671583
671728
672063
672155
672164
672184
672353
672491
672630
672656
672694
672698
672832
672852
672986
672992
673096
673397
673416
673469
673501
673704
673787
673997
674148
674148
674186
674201
674504
674519
674933
674985
675063
675132
675366
675574
675695
675695
675725
675772
675920
676001
676072
676172
676181
676211
676280
676310
676312
676411
676535
676556
676884
676892
676989
677238
677240
677362
677424
677451
677457
677714
678112
678149
678212
678257
678471
678686
678773
678812
678878
678912
679167
679194
679331
679479
679481
679501
679503
679533
679558
679602
679671
679671
679809
679876
679912
679918
679936
680055
680127
680153
680556
680825
680904
681028
681113
681153
681372
681431
681475
681508
681511
681770
681810
681970
682011
682060
682119
682138
682456
682488
682499
682889
682897
682962
682992
683308
683329
683416
683425
683425
683710
684101
684130
684199
684199
684266
684548
684593
684673
684697
684707
684713
684716
684997
685053
685059
685403
685491
685685
685777
685877
686066
686096
686411
686484
686759
686816
686826
686836
687041
687060
687162
687330
687552
687714
687868
688009
688165
688460
688541
688599
688622
688670
688682
688955
689118
689177
689219
689244
689294
689304
689365
689462
689493
689662
689808
690052
690087
690093
690184
690189
690274
690277
690420
690673
690719
690742
690823
691126
691408
691445
691623
691693
691740
691887
691939
691951
691974
691986
691994
692266
692462
692508
692579
692638
692728
693052
693204
693205
693233
693260
693381
693592
693682
693778
693793
693814
693835
694123
694198
694214
694480
694609
694651
694663
694808
695011
695165
695257
695560
695579
695581
695621
695877
696151
696198
696393
696480
696498
696577
696847
696895
697041
697119
697300
697319
697349
697385
697525
697689
697702
697796
697800
697887
697909
697957
698116
698298
698418
698443
698478
698506
698663
698725
698769
698821
698824
698920
698991
699465
699497
699509
699607
699636
699710
699736
699762
699812
699958
700175
700252
700262
700371
700468
700544
700552
700583
700611
700896
701064
701199
701240
701315
701445
701746
701792
701810
701826
701831
702017
702031
702126
702161
702228
702258
702268
702287
702293
702388
702445
702483
702886
702916
703011
703259
703353
703722
703753
703904
703919
704124
704133
704178
704278
704332
704466
704869
705215
705445
705465
705669
705676
705744
705768
706020
706043
706206
706218
706337
706497
706646
706649
706852
706853
707074
707206
707285
707379
707438
707727
707769
707777
707777
707804
707926
707926
707933
708059
708348
708399
708426
708594
708613
708647
708846
708860
708928
708960
708965
709177
709255
709358
709411
709486
709508
709732
709804
709807
709865
709912
709964
710106
710141
710181
710432
710500
710520
710666
710787
711035
711055
711083
711170
711266
711348
711366
711514
711535
711568
711981
712062
712272
712362
712498
712537
712694
712794
712831
712994
713208
713345
713478
713743
713745
713886
713968
714003
714032
714046
714059
714150
714169
714441
714656
714848
714871
715067
715136
715296
715529
715575
715591
715685
715699
715725
715735
715781
715825
715990
716307
716347
716377
716507
716535
717021
717093
717426
717449
717470
717638
717645
717677
717739
717876
717878
718102
718345
718420
718723
718762
719294
719402
719854
719931
719987
720171
720199
720301
720303
720367
720537
720739
720825
720915
720973
720997
721007
721173
721209
721256
721325
721414
721646
721905
722064
722130
722264
722392
722680
722785
722982
723061
723063
723310
723490
723713
723724
723751
723880
723925
724076
724346
724347
724527
724639
724692
724779
724808
724814
724849
724973
725148
725239
725247
725285
725662
725677
725776
725791
725831
725901
725924
726085
726153
726228
726355
726424
726481
726501
726544
726544
726595
726940
726973
726979
727181
727184
727228
727228
727269
727382
727421
727436
727587
727670
727728
727890
728067
728074
728191
728254
728285
728394
728530
728574
728653
728926
729036
729077
729105
729259
729370
729483
729653
729782
729880
729918
730016
730533
730703
730981
731023
731264
731306
731332
731625
731761
731963
732065
732118
732135
732151
732267
732479
732499
732607
732685
732725
732793
732819
732954
732976
733235
733319
733353
733407
733461
733559
733613
733781
733782
734065
734274
734329
734377
734753
734766
734783
734821
734919
735007
735025
735223
735261
735455
735477
735534
735663
735862
735884
736123
736145
736216
736407
736591
736667
736681
736766
736800
736920
736921
736984
737035
737249
737289
737662
737798
737829
737890
737908
737949
737956
737998
738029
738089
738208
738354
738376
738377
738494
738521
738614
738646
738663
738761
738935
738936
739065
739100
739105
739177
739294
739349
739620
739660
739769
739879
739896
739968
740060
740076
740130
740154
740298
740418
740546
740624
740684
740723
740737
740962
741278
741325
741363
741469
741604
741659
741679
741953
742062
742081
742171
742284
742534
742590
742620
742625
742693
742823
742843
742920
742975
742991
743092
743129
743229
743318
743537
743550
743612
743710
743710
743738
743786
744227
744617
744664
744939
745048
745188
745213
745365
745438
745507
745692
745847
745854
745921
745957
745967
746074
746133
746167
746182
746383
746408
746456
746472
746504
746541
746553
746658
746717
746770
746797
746856
746905
746982
747081
747249
747295
747436
747494
747513
747629
747755
747810
748080
748450
748675
748704
748838
749028
749042
749281
749319
749643
749646
749682
749785
749792
749949
750135
750152
750266
750303
750327
750408
750629
750696
750727
751145
751277
751290
751342
751555
751573
751772
751812
751844
751870
751923
751929
752180
752243
752260
752330
752345
752393
752570
752623
752697
752727
752944
753208
753358
753641
754178
754251
754318
754525
754790
754918
755393
755482
755625
755629
755676
755769
755803
755874
755906
756103
756163
756236
756241
756295
756354
756420
756456
756546
756643
756709
756983
757011
757262
757321
757371
757396
757548
757624
757630
757980
758126
758139
758405
758456
758593
758739
758755
758925
758994
759137
759184
759324
759345
759386
759523
759528
759764
759783
759850
759899
759940
759995
760100
760154
760340
760747
760907
761214
761228
761245
761294
761528
761625
761718
761724
761857
762142
762439
762573
762613
762696
762713
762761
763021
763103
763252
763439
763446
763493
763573
763591
763602
763721
764024
764031
764072
764354
764472
764632
764850
764916
765169
765277
765317
765477
765487
765551
765655
765817
766016
766020
766217
766295
766361
766665
766688
766844
766994
767040
767212
767313
767405
767687
767871
767895
768043
768120
768182
768198
768306
768335
768382
768572
768586
768805
768899
768907
769139
769225
769268
769369
769489
769522
769541
769616
769685
769934
770226
770318
770387
770461
770504
770961
771027
771064
771311
771328
771449
771514
771598
771618
772009
772039
772091
772112
772387
772733
772779
772787
772817
772818
772836
773183
773236
773444
773543
773543
773564
773652
773708
773756
773869
773891
774221
774375
774480
774584
774620
774643
774753
774788
774842
774851
774861
775030
775064
775074
775138
775169
775178
775382
775610
775627
775758
775802
775845
776113
776173
776404
776463
776477
776533
776608
776633
776694
776763
776802
776915
776986
777100
777157
777311
777523
777582
777632
777657
777788
777839
777877
777942
777968
777981
777999
778087
778117
778181
778326
778355
778476
778517
778589
778629
778713
778974
779095
779223
779388
779392
779479
779593
779652
779770
779888
779919
780068
780122
780127
780181
780230
780319
780374
780450
780750
780783
780788
780876
781003
781155
781319
781424
781472
781483
781617
781880
781966
782224
782437
782505
782600
782729
782956
783303
783395
783580
783709
783731
783921
783995
784075
784234
784285
784339
784378
784558
784571
784573
784715
784788
784834
784903
785246
785351
785362
785981
786197
786203
786274
786323
786353
786466
786530
786749
786759
786793
786880
786899
787007
787077
787133
787273
787316
787385
787715
787928
787969
788109
788271
788286
788414
788523
788546
788599
788845
788883
788972
789024
789106
789168
789179
789214
789295
789437
789480
789524
789555
789585
789618
789659
789699
789783
790115
790169
790265
790341
790443
790572
790667
790683
790801
791000
791284
791333
791474
791519
791613
791830
791914
791989
792288
792298
792301
792323
792331
792520
792525
792931
793099
793360
793423
793432
793527
793532
793615
793656
793702
793783
793803
793852
793923
793971
794155
794354
794369
794397
794405
794425
794458
794533
794535
794793
794846
794871
794898
795450
795578
795919
796014
796061
796118
796311
796584
796691
796854
796985
797111
797150
797188
797264
797269
797333
797483
797520
797521
797589
797632
797637
797638
797676
797737
797914
798089
798202
798255
798378
798462
798547
798699
798705
798738
798754
798760
798763
798766
798785
799263
799341
799391
799397
799461
799481
799509
799587
799602
799652
799739
799747
799912
800018
800115
800276
800395
800588
800609
800841
800854
800885
800898
800934
800963
801001
801085
801318
801387
801495
801595
801675
801722
801767
801949
801953
801954
802103
802128
802222
802432
802560
802633
802676
802911
803141
803240
803274
803297
803425
803453
803516
803539
803803
803866
803930
803963
804044
804167
804290
804348
804472
804552
804569
804591
804616
804672
804688
804708
804898
805013
805056
805065
805097
805122
805135
805205
805206
805252
805469
805514
805562
805621
805655
805708
805835
805883
806214
806298
806394
806509
806661
806684
806782
806813
807014
807084
807353
807425
807454
807469
807592
807618
807748
807789
807914
807949
808172
808250
808438
808476
808710
808852
808895
808903
809149
809160
809268
809295
809404
809437
809493
809523
809665
809748
809837
809901
809959
810002
810017
810389
810543
810547
810687
810762
810770
810773
810807
810823
810949
811477
811538
811720
811882
812063
812071
812135
812321
812415
812566
812627
812660
813064
813166
813415
813425
813468
813522
813522
813583
813601
813727
813746
813862
814024
814066
814086
814211
814462
814878
815023
815088
815175
815198
815389
815533
815788
815939
816231
816348
816404
816455
816482
816652
816869
817197
817490
817538
817869
817890
818001
818012
818082
818301
818592
818924
819186
819344
819360
819398
819430
819615
819671
819709
819911
819911
819921
820163
820238
820269
820291
821198
821325
821399
821522
821532
821705
821732
821748
821892
822033
822107
822146
822228
822287
822407
822454
822456
822471
822491
822518
822551
822645
822783
822879
823124
823187
823283
823367
823605
823700
823731
823747
823871
823909
824074
824123
824134
824308
824452
824709
824888
825023
825040
825373
825383
825441
825461
825560
825651
825720
825856
826242
826455
826641
826651
826681
826738
826742
826806
826843
826945
827002
827034
827079
827173
827317
827645
827728
827816
827888
827912
827978
828288
828289
828471
828496
828504
828837
828863
829000
829147
829195
829394
829512
829608
829629
829657
829725
829726
829780
829784
829959
829974
830009
830104
830193
830203
830346
830428
830503
830653
830662
830806
831266
831421
831451
831458
831591
831898
832034
832241
832393
832406
832592
832628
832687
832734
832768
832807
832838
832975
833323
833577
833875
833897
833936
833959
833980
834019
834126
834198
834246
834257
834383
834530
834561
834572
834696
834824
834857
835014
835273
835405
835452
835612
835679
835897
835952
835987
836026
836111
836200
836226
836241
836261
836360
836491
836813
836853
836983
837164
837236
837251
837275
837461
837487
837544
837563
837570
837575
837578
837652
837663
837773
837931
837941
837942
838048
838094
838113
838381
838585
838695
838902
838917
838941
838972
839005
839201
839288
839517
839606
839815
839991
840027
840165
840345
840364
840488
840765
840831
840963
841108
841234
841547
841701
841750
841875
842241
842444
842591
842665
842702
842753
843039
843083
843172
843356
843473
843481
843513
843641
843764
843771
843809
844069
844071
844150
844260
844305
844420
844458
844487
844651
844679
844745
844771
844850
844911
845176
845186
845474
845745
845863
845922
845957
846081
846397
846491
846629
846779
846843
846858
846881
846887
847193
847539
847704
847752
847772
847879
848090
848141
848227
848333
848335
848467
848757
848866
849015
849026
849072
849134
849165
849216
849445
849599
849800
849866
850126
850129
850160
850263
850368
850921
851020
851069
851140
851212
851226
851248
851500
851593
851638
851793
851833
851840
851931
851961
851972
852113
852150
852158
852383
852448
852512
852554
852948
853047
853231
853285
853311
853317
853504
853529
853611
853971
854134
854235
854612
854779
854866
854883
855023
855057
855120
855127
855169
855173
855223
855245
855247
855358
855384
855628
855650
855746
855927
855928
856106
856230
856547
856740
856800
856974
857099
857210
857289
857401
857533
857564
857602
857636
857686
857752
857790
857861
858129
858149
858239
858256
858279
858375
858441
858467
858481
858496
858968
859104
859179
859273
859439
859511
859533
859635
859771
859779
859807
859961
860343
860411
860413
860644
860647
860915
861114
861202
861213
861291
861293
861437
861494
861547
861573
861626
861643
861726
861932
862102
862155
862241
862352
862368
862682
862863
862877
862937
863037
863092
863257
863321
863378
863385
863482
863815
863818
863935
864017
864141
864243
864253
864419
864433
864612
864693
864765
864930
865081
865088
865151
865176
865415
865552
865555
865571
865590
865613
865630
865674
865714
865832
865898
866288
866325
866483
866609
866702
866719
866739
866842
867125
867128
867146
867160
867198
867215
867323
867324
867345
867396
867420
867431
867632
867765
867845
867918
868006
868181
868235
868244
868309
868320
868457
868707
868711
868729
868827
868831
869121
869348
869492
869614
869684
869847
869919
869985
870150
870185
870250
870273
870579
870621
870778
871012
871032
871040
871442
871535
871610
871618
871760
871836
871901
871972
872136
872251
872265
872390
872393
872779
872928
873024
873087
873146
873274
873280
873333
873937
874151
874264
874282
874568
874583
874676
874925
875191
875193
875395
875582
875890
875979
875980
876193
876357
876370
876705
876871
877016
877047
877088
877170
877173
877174
877270
877558
877848
877879
877946
878129
878182
878234
878236
878346
878351
878384
878414
878678
878824
878943
878958
878975
878989
879066
879222
879244
879268
879273
879320
879345
879373
879456
879595
879725
879802
879873
879880
879944
879992
880177
880296
880327
880402
880418
880559
880590
880695
880704
880743
881018
881062
881129
881267
881293
881297
881324
881375
881786
881791
881824
881825
881889
881920
882014
882126
882129
882225
882296
882446
882460
882700
882774
882821
882884
882969
883079
883116
883117
883141
883340
883494
883563
883694
883729
883750
883803
883824
884130
884189
884581
884740
884746
884755
885012
885161
885464
885515
885519
885643
885852
885859
885896
886119
886170
886544
886602
886664
886772
886900
887045
887140
887143
887496
887681
888132
888217
888334
888470
888792
888822
888999
889096
889122
889211
889251
889367
889398
889435
889491
889546
889564
889677
889750
889784
889988
889990
890013
890069
890115
890615
890636
890817
890819
890913
891066
891567
891770
891781
891790
891855
891895
892175
892450
892550
892622
892652
892767
892783
892805
892934
893068
893150
893224
893287
893360
893454
893488
893600
894440
894471
894597
894714
894767
894918
895064
895108
895195
895196
895228
895381
895383
895487
895523
895666
896070
896161
896203
896392
896406
896540
896683
896683
896684
896870
896896
896901
897164
897198
897348
897533
897584
897985
898058
898120
898201
898217
898229
898320
898372
898557
898826
899138
899165
899291
899301
899413
899542
899592
899689
899814
900042
900054
900098
900103
900178
900190
900268
900345
900466
900512
900533
900615
901270
901372
901522
901568
901582
901693
901698
901848
901875
901944
901973
902115
902176
902351
902493
902799
902811
903049
903082
903092
903263
903355
903475
903485
903593
903615
903825
903969
904168
904276
904543
904576
904577
904601
904622
904652
904707
904767
904835
904950
904966
904976
905149
905272
905442
905579
905627
905657
905726
905848
905855
905915
905956
906036
906049
906136
906247
906419
906470
906511
906575
906655
906672
906868
906888
906978
907775
907836
907951
908115
908134
908152
908175
908354
908444
908673
908691
908692
908712
908918
908958
909043
909305
909404
909716
909781
909782
909986
910068
910195
910268
910448
910482
910549
910588
910606
910613
910693
910707
910946
910987
911046
911058
911089
911105
911151
911188
911189
911548
911793
911919
911983
912622
912638
912711
912763
912765
912791
913019
913539
913766
913955
914117
914249
914496
914721
914835
914876
914949
915041
915048
915315
915416
915454
915494
915569
915704
915890
916073
916073
916225
916234
916378
916460
916538
916589
916612
916691
916701
916714
916821
917173
917249
917448
917499
917726
918012
918036
918069
918298
918365
918437
918474
918524
918572
918623
918629
918667
918714
918814
918854
918929
919166
919445
919545
919577
919641
919761
919837
919921
919939
920043
920056
920115
920163
920295
920357
920494
920682
920746
920874
920889
921065
921086
921166
921257
921287
921370
921384
921663
921787
921950
922152
922158
922245
922303
922357
922452
922573
923099
923117
923450
923564
923574
923919
924043
924067
924161
924196
924233
924305
924468
924487
924536
924547
924921
924977
925054
925278
925320
925322
925341
925435
925644
925813
925854
925937
926080
926131
926211
926233
926586
926683
926714
926769
926794
926825
926911
927064
927449
927477
927504
927605
927631
927781
927957
928128
928153
928170
928364
928668
928806
928811
928847
928910
929023
929479
929593
929773
929816
930017
930378
930438
930493
930550
930860
930903
931390
931424
931630
931660
931694
931768
931812
932094
932200
932312
932457
932460
932498
932511
932626
932633
932651
932727
932730
932819
932883
933039
933080
933173
933200
933336
933611
933693
933833
934032
934128
934234
934406
934414
934467
934518
934613
934772
934838
934948
935074
935160
935249
935327
935778
935795
935826
935856
935859
935861
935958
935976
936016
936088
936287
936328
936410
936427
936595
936606
936638
936649
936857
936898
936930
936932
936966
936974
937051
937373
937409
937465
937579
937612
937652
937701
937775
937977
938091
938315
938481
938501
938652
938845
938915
939073
939123
939135
939234
939377
939443
939512
939533
939628
939887
939894
939953
939958
940202
940206
940485
940486
940626
940930
940946
941150
941210
941218
941271
941322
941335
941481
941588
942049
942159
942349
942397
942413
942414
942437
942622
943119
943173
943216
943558
943705
943763
943897
943936
943983
943990
944060
944120
944155
944422
944507
944511
944514
944515
944556
944571
944574
944648
944723
944814
944910
944931
945046
945079
945101
945103
945146
945205
945247
945257
945266
945316
945449
945475
945480
945505
945647
945842
946184
946509
946684
946766
946838
946929
946967
947120
947125
947205
947244
947253
947315
947321
947329
947363
947459
947863
947925
947981
948203
948239
948366
948369
948583
948585
948589
948596
948721
948902
949005
949112
949219
949270
949425
949653
949815
950085
950174
950274
950311
950350
950367
950528
950707
950780
950893
950898
951058
951092
951170
951265
951427
951471
951492
951563
951633
951694
951718
951778
952119
952177
952195
952196
952254
952268
952303
952406
952543
952580
952593
952618
952646
952695
952781
952804
952889
953139
953248
953301
953301
953402
953517
953691
953773
953983
954044
954082
954113
954359
954470
954563
954694
954924
955024
955073
955088
955184
955263
955299
955303
955442
955455
955478
955708
955721
955844
955913
955943
955981
956008
956063
956294
956398
956465
956624
956819
956825
956867
956907
957022
957060
957104
957124
957387
957390
957438
957443
957501
957702
957785
957896
958053
958465
958511
958554
958737
958893
959007
959357
959387
959430
959520
959553
959578
959641
959729
959759
959839
959845
959887
959947
959969
959993
960058
960196
960199
960250
960406
960462
960514
960635
960708
960963
961034
961069
961147
961197
961486
961486
961585
961798
961873
961907
961908
961947
961964
962032
962169
962277
962307
962307
962329
962457
962522
962632
962656
962717
962718
962773
962891
962985
963167
963318
963333
963346
963403
963420
963488
963577
963739
963808
963976
964072
964221
964446
964590
964858
964887
965132
965170
965437
965536
965662
966005
966035
966048
966107
966286
966311
966363
966632
966636
966707
966854
966937
967073
967127
967189
967199
967304
967411
967490
967497
967735
967738
967754
968325
968532
968610
968749
968871
968934
969031
969061
969121
969225
969415
969480
969573
969753
969809
970273
970275
970324
970372
970523
970675
970792
970817
971281
971302
971332
971620
971689
971879
972305
972313
972466
972786
972811
972928
973459
973502
973658
973676
973921
973995
974198
974242
974482
974571
974786
974786
974893
975000
975084
975253
975477
975505
975536
975576
975647
975760
975875
975980
976066
976287
976429
976542
976568
976709
976716
976726
976819
977139
977305
977487
977506
977524
977759
977849
977959
977995
978098
978171
978393
978443
978689
978736
978847
978865
978917
978998
979108
979109
979129
979480
979560
979632
979650
979739
979920
979965
979967
979992
980170
980179
980241
980286
980300
980326
980398
980785
980862
980945
981033
981138
981172
981200
981251
981407
981418
981448
981483
981598
981791
981801
981804
981903
981973
982157
982270
982457
982497
982527
982605
982629
982634
982683
982697
982792
982796
982993
983085
983148
983277
983383
983465
983513
983556
983650
983796
983800
983871
983994
984068
984092
984535
984569
984661
984668
984681
984844
984917
985015
985034
985040
985118
985238
985389
985718
985771
985830
986189
986213
986263
986311
986326
986857
986876
986944
986950
986963
987086
987103
987165
987275
987421
987461
987503
987602
987628
987637
987653
987762
987882
988005
988047
988060
988082
988411
988604
988668
988710
988785
988957
989074
989076
989349
989389
989505
989688
989801
989861
989934
989997
989997
990146
990229
990445
990466
990791
990851
991130
991352
991391
991420
991445
991480
991504
991664
991828
991884
992065
992114
992138
992311
992404
992439
992462
992482
992618
992636
992687
992709
992816
992880
993006
993092
993271
993332
993517
993762
993776
993782
994026
994189
994199
994257
994277
994452
994551
994665
994751
994788
994951
995044
995197
995242
995338
995379
995652
995756
995812
995935
996216
996334
996534
996629
996643
996710
996778
997117
997244
997342
997351
997358
997533
997615
997792
997874
997994
997996
998091
998170
998301
998444
999046
999078
999117
999160
999167
999174
999269
999273
999357
999420
999741
999851
999900
999927
